3599990
0
0
0
6
0 16 18 50000 4
1 16 18 2000 0
2 16 18 2000 0
3 16 18 2000 0
4 16 18 2000 0
5 16 18 2000 0
0
0
END
3599979
0
1
10
6
0 16 18 50000 4
1 17 18 2000 0
2 17 18 2000 0
3 17 18 2000 0
4 17 18 2000 0
5 17 18 2000 0
0
0
END
3599973
0
2
20
6
0 16 18 50000 4
1 18 18 2000 0
2 18 18 2000 0
3 18 18 2000 0
4 18 18 2000 0
5 18 18 2000 0
0
0
END
3599967
0
3
30
6
0 16 18 50000 4
1 19 18 2000 0
2 19 18 2000 0
3 19 18 2000 0
4 19 18 2000 0
5 19 18 2000 0
0
0
END
3599959
0
4
40
6
0 16 18 50000 4
1 20 18 2000 0
2 20 18 2000 0
3 20 18 2000 0
4 20 18 2000 0
5 20 18 2000 0
0
0
END
3599953
0
5
50
6
0 16 18 50000 4
1 21 18 2000 0
2 21 18 2000 0
3 21 18 2000 0
4 21 18 2000 0
5 21 18 2000 0
0
0
END
3599946
0
6
60
6
0 16 18 50000 4
1 22 18 2000 0
2 22 18 2000 0
3 22 18 2000 0
4 22 18 2000 0
5 22 18 2000 0
0
0
END
3599939
0
7
70
6
0 16 18 50000 4
1 23 18 2000 0
2 23 18 2000 0
3 23 18 2000 0
4 23 18 2000 0
5 23 18 2000 0
0
0
END
3599933
0
8
80
6
0 16 18 50000 4
1 24 18 2000 0
2 24 18 2000 0
3 24 18 2000 0
4 24 18 2000 0
5 24 18 2000 0
0
0
END
3599927
0
9
90
6
0 16 18 50000 4
1 25 18 2000 0
2 25 18 2000 0
3 25 18 2000 0
4 25 18 2000 0
5 25 18 2000 0
0
0
END
3599921
0
10
100
6
0 16 18 50000 4
1 26 18 2000 0
2 26 18 2000 0
3 26 18 2000 0
4 26 18 2000 0
5 26 18 2000 0
0
0
END
3599915
0
11
110
6
0 16 18 50000 4
1 27 18 2000 0
2 27 18 2000 0
3 27 18 2000 0
4 27 18 2000 0
5 27 18 2000 0
0
0
END
3599909
0
12
120
6
0 16 18 50000 4
1 28 18 2000 0
2 28 18 2000 0
3 28 18 2000 0
4 28 18 2000 0
5 28 18 2000 0
0
0
END
3599903
0
13
130
6
0 16 18 50000 4
1 29 18 2000 0
2 29 18 2000 0
3 29 18 2000 0
4 29 18 2000 0
5 29 18 2000 0
0
0
END
3599897
0
14
140
6
0 16 18 50000 4
1 30 18 2000 0
2 30 18 2000 0
3 30 18 2000 0
4 30 18 2000 0
5 30 18 2000 0
0
0
END
3599890
0
15
150
6
0 16 18 50000 4
1 31 18 2000 0
2 31 18 2000 0
3 31 18 2000 0
4 31 18 2000 0
5 31 18 2000 0
0
0
END
3599883
0
16
160
6
0 16 18 50000 4
1 32 18 2000 0
2 32 18 2000 0
3 32 18 2000 0
4 32 18 2000 0
5 32 18 2000 0
0
0
END
3599878
0
17
170
6
0 16 18 50000 4
1 33 18 2000 0
2 33 18 2000 0
3 33 18 2000 0
4 33 18 2000 0
5 33 18 2000 0
0
0
END
3599872
0
18
180
6
0 16 18 50000 4
1 34 18 2000 0
2 34 18 2000 0
3 34 18 2000 0
4 34 18 2000 0
5 34 18 2000 0
0
0
END
3599865
0
19
190
6
0 16 18 50000 4
1 35 18 2000 0
2 35 18 2000 0
3 35 18 2000 0
4 35 18 2000 0
5 35 18 2000 0
0
0
END
3599858
0
20
200
6
0 16 18 50000 4
1 36 18 2000 0
2 36 18 2000 0
3 36 18 2000 0
4 36 18 2000 0
5 36 18 2000 0
0
0
END
3599852
0
21
210
6
0 16 18 50000 4
1 37 18 2000 0
2 37 18 2000 0
3 37 18 2000 0
4 37 18 2000 0
5 37 18 2000 0
0
0
END
3599845
0
22
220
6
0 16 18 50000 4
1 38 18 2000 0
2 38 18 2000 0
3 38 18 2000 0
4 38 18 2000 0
5 38 18 2000 0
0
0
END
3599839
0
23
230
6
0 16 18 50000 4
1 39 18 2000 0
2 39 18 2000 0
3 39 18 2000 0
4 39 18 2000 0
5 39 18 2000 0
0
0
END
3599833
0
24
240
6
0 16 18 50000 4
1 40 18 2000 0
2 40 18 2000 0
3 40 18 2000 0
4 40 18 2000 0
5 40 18 2000 0
0
0
END
3599827
0
25
250
6
0 16 18 50000 4
1 41 18 2000 0
2 41 18 2000 0
3 41 18 2000 0
4 41 18 2000 0
5 41 18 2000 0
0
0
END
3599821
0
26
260
6
0 16 18 50000 4
1 42 18 2000 0
2 42 18 2000 0
3 42 18 2000 0
4 42 18 2000 0
5 42 18 2000 0
0
0
END
3599815
0
27
270
6
0 16 18 50000 4
1 43 18 2000 0
2 43 18 2000 0
3 43 18 2000 0
4 43 18 2000 0
5 43 18 2000 0
0
0
END
3599809
0
28
280
6
0 16 18 50000 4
1 44 18 2000 0
2 44 18 2000 0
3 44 18 2000 0
4 44 18 2000 0
5 44 18 2000 0
0
0
END
3599802
0
29
290
6
0 16 18 50000 4
1 45 18 2000 0
2 45 18 2000 0
3 45 18 2000 0
4 45 18 2000 0
5 45 18 2000 0
0
0
END
3599796
0
30
300
6
0 16 18 50000 4
1 46 18 2000 0
2 46 18 2000 0
3 46 18 2000 0
4 46 18 2000 0
5 46 18 2000 0
0
0
END
