3595304
1
0
0
6
0 30 2 50000 4
1 30 2 2000 0
2 30 2 2000 0
3 30 2 2000 0
4 30 2 2000 0
5 30 2 2000 0
0
0
END
3595284
1
1
10
6
0 30 2 50000 4
1 30 3 2000 0
2 29 2 2000 0
3 30 1 2000 0
4 31 2 2000 0
5 30 3 2000 0
0
0
END
3595261
1
2
20
6
0 30 2 50000 4
1 30 4 2000 0
2 28 2 2000 0
3 30 0 2000 0
4 32 2 2000 0
5 30 4 2000 0
0
0
END
3595247
1
3
30
6
0 30 2 50000 4
1 29 4 2000 0
2 27 2 2000 0
3 30 1 2000 0
4 33 2 2000 0
5 30 5 2000 0
0
0
END
3595232
1
4
40
6
0 30 2 50000 4
1 28 4 2000 0
2 26 2 2000 0
3 30 0 2000 0
4 33 3 2000 0
5 30 6 2000 0
0
0
END
3595217
1
5
10
7
0 30 2 50000 4
1 28 5 2000 0
2 25 2 2000 0
3 30 1 2000 0
4 33 4 2000 0
5 30 7 2000 0
12 30 2 2000 0
0
0
END
3595203
1
6
20
7
0 30 2 50000 4
1 27 5 2000 0
2 24 2 2000 0
3 29 1 2000 0
4 34 4 2000 0
5 30 8 2000 0
12 30 3 2000 0
0
0
END
3595188
1
7
30
7
0 30 2 50000 4
1 26 5 2000 0
2 23 2 2000 0
3 28 1 2000 0
4 34 5 2000 0
5 30 9 2000 0
12 30 4 2000 0
0
0
END
3595173
1
8
40
7
0 30 2 50000 4
1 26 6 2000 0
2 22 2 2000 0
3 28 0 2000 0
4 34 6 2000 0
5 30 10 2000 0
12 31 4 2000 0
0
0
END
3595155
1
9
10
8
0 30 2 50000 4
1 25 6 2000 0
2 21 2 2000 0
3 27 0 2000 0
4 35 6 2000 0
5 30 11 2000 0
12 30 4 2000 0
13 30 2 2000 0
0
0
END
3595140
1
10
20
8
0 30 2 50000 4
1 24 6 2000 0
2 20 2 2000 0
3 26 0 2000 0
4 36 6 2000 0
5 30 12 2000 0
12 29 4 2000 0
13 31 2 2000 0
0
0
END
3595125
1
11
30
8
0 30 2 50000 4
1 23 6 2000 0
2 19 2 2000 0
3 25 0 2000 0
4 37 6 2000 0
5 30 13 2000 0
12 28 4 2000 0
13 32 2 2000 0
0
0
END
3595110
1
12
40
8
0 30 2 50000 4
1 22 6 2000 0
2 18 2 2000 0
3 25 1 2000 0
4 38 6 2000 0
5 30 14 2000 0
12 28 5 2000 0
13 33 2 2000 0
0
0
END
3595094
1
13
50
8
0 30 2 50000 4
1 22 7 2000 0
2 17 2 2000 0
3 25 0 2000 0
4 39 6 2000 0
5 30 15 2000 0
12 29 5 2000 0
13 34 2 2000 0
0
0
END
3595079
1
14
60
8
0 30 2 50000 4
1 22 8 2000 0
2 17 3 2000 0
3 24 0 2000 0
4 40 6 2000 0
5 30 16 2000 0
12 28 5 2000 0
13 35 2 2000 0
0
0
END
3595064
1
15
70
8
0 30 2 50000 4
1 22 9 2000 0
2 17 4 2000 0
3 24 1 2000 0
4 41 6 2000 0
5 30 17 2000 0
12 29 5 2000 0
13 35 1 2000 0
0
0
END
3595049
1
16
80
8
0 30 2 50000 4
1 22 10 2000 0
2 16 4 2000 0
3 24 0 2000 0
4 42 6 2000 0
5 30 18 2000 0
12 30 5 2000 0
13 36 1 2000 0
0
0
END
3595035
1
17
90
8
0 30 2 50000 4
1 22 11 2000 0
2 15 4 2000 0
3 24 1 2000 0
4 43 6 2000 0
5 30 19 2000 0
12 30 6 2000 0
13 37 1 2000 0
0
0
END
3595021
1
18
100
8
0 30 2 50000 4
1 22 12 2000 0
2 14 4 2000 0
3 24 0 2000 0
4 44 6 2000 0
5 30 20 2000 0
12 31 6 2000 0
13 37 0 2000 0
0
0
END
3595006
1
19
110
8
0 30 2 50000 4
1 22 13 2000 0
2 13 4 2000 0
3 24 1 2000 0
4 45 6 2000 0
5 30 21 2000 0
12 31 7 2000 0
13 38 0 2000 0
0
0
END
3594991
1
20
120
8
0 30 2 50000 4
1 22 14 2000 0
2 12 4 2000 0
3 24 2 2000 0
4 46 6 2000 0
5 30 22 2000 0
12 31 8 2000 0
13 37 0 2000 0
0
0
END
3594977
1
21
130
8
0 30 2 50000 4
1 22 15 2000 0
2 11 4 2000 0
3 24 3 2000 0
4 47 6 2000 0
5 30 23 2000 0
12 31 9 2000 0
13 37 1 2000 0
0
0
END
3594961
1
22
140
8
0 30 2 50000 4
1 22 16 2000 0
2 11 5 2000 0
3 24 4 2000 0
4 47 7 2000 0
5 29 23 2000 0
12 31 10 2000 0
13 37 2 2000 0
0
2
25 17
49 9
END
3594946
1
23
150
8
0 30 2 50000 4
1 23 16 2000 0
2 11 6 2000 0
3 23 4 2000 0
4 48 7 2000 0
5 28 23 2000 0
12 31 11 2000 0
13 37 3 2000 0
0
2
25 17
49 9
END
3594931
1
24
160
8
0 30 2 50000 4
1 24 16 2000 0
2 11 7 2000 0
3 22 4 2000 0
4 49 7 2000 0
5 27 23 2000 0
12 32 11 2000 0
13 37 4 2000 0
0
2
25 17
49 9
END
3594917
1
25
170
8
0 30 2 50000 4
1 25 16 2000 0
2 11 8 2000 0
3 21 4 2000 0
4 49 8 2000 0
5 26 23 2000 0
12 33 11 2000 0
13 37 5 2000 0
0
2
25 17
49 9
END
3594902
1
26
182
8
0 30 2 50000 4
1 25 17 2000 0
2 11 9 2000 0
3 20 4 2000 0
4 49 9 2000 0
5 25 23 2000 0
12 33 12 2000 0
13 37 6 2000 0
0
2
25 17
49 9
END
3594887
1
27
94
9
0 30 2 50000 4
1 25 17 2000 0
2 11 10 2000 0
3 19 4 2000 0
4 49 9 2000 0
5 24 23 2000 0
12 33 13 2000 0
13 37 7 2000 0
17 49 9 20000 5
0
3
25 17
48 13
49 9
END
3594873
1
28
67
10
0 30 2 50000 4
1 25 17 2000 0
2 11 11 2000 0
3 18 4 2000 0
4 49 9 2000 0
5 23 23 2000 0
12 33 14 2000 0
13 37 8 2000 0
17 49 9 20000 5
19 49 9 2000 0
0
3
25 17
48 13
49 9
END
3594858
1
29
41
11
0 30 2 50000 4
1 25 17 2000 0
2 11 12 2000 0
3 17 4 2000 0
4 49 9 2000 0
5 22 23 2000 0
12 34 14 2000 0
13 38 8 2000 0
17 49 9 20000 5
19 49 9 2000 0
20 49 9 2000 0
0
3
25 17
48 13
49 9
END
3594843
1
30
16
12
0 30 2 50000 4
1 25 17 2000 0
2 11 13 2000 0
3 17 5 2000 0
4 49 9 2000 0
5 21 23 2000 0
12 35 14 2000 0
13 39 8 2000 0
17 49 9 20000 5
19 49 9 2000 0
20 49 9 2000 0
21 49 9 2000 0
0
3
25 17
48 13
49 9
END
3594827
1
31
31
12
0 30 2 50000 4
1 25 17 2000 0
2 11 14 2000 0
3 17 6 2000 0
4 49 9 2000 0
5 20 23 2000 0
12 35 15 2000 0
13 39 9 2000 0
17 49 9 20000 5
19 49 9 2000 0
20 49 9 2000 0
21 49 9 2000 0
0
3
25 17
48 13
49 9
END
3594812
1
32
46
12
0 30 2 50000 4
1 25 17 2000 0
2 11 15 2000 0
3 17 7 2000 0
4 49 9 2000 0
5 20 24 2000 0
12 35 16 2000 0
13 39 10 2000 0
17 49 9 20000 5
19 49 9 2000 0
20 49 9 2000 0
21 49 9 2000 0
0
3
25 17
48 13
49 9
END
3594797
1
33
22
13
0 30 2 50000 4
1 25 17 2000 0
2 11 16 2000 0
3 17 8 2000 0
4 49 9 2000 0
5 20 25 2000 0
12 35 17 2000 0
13 40 10 2000 0
17 49 9 20000 5
19 49 9 2000 0
20 49 9 2000 0
21 49 9 2000 0
23 49 9 2000 0
0
3
25 17
48 13
49 9
END
3594782
1
34
38
13
0 30 2 50000 4
1 25 17 2000 0
2 12 16 2000 0
3 17 9 2000 0
4 49 9 2000 0
5 20 26 2000 0
12 35 18 2000 0
13 40 11 2000 0
17 49 9 20000 5
19 49 9 2000 0
20 49 9 2000 0
21 49 9 2000 0
23 49 9 2000 0
0
3
25 17
48 13
49 9
END
3594767
1
35
54
13
0 30 2 50000 4
1 25 17 2000 0
2 13 16 2000 0
3 17 10 2000 0
4 49 9 2000 0
5 20 27 2000 0
12 35 19 2000 0
13 40 12 2000 0
17 49 9 20000 5
19 49 9 2000 0
20 49 9 2000 0
21 49 9 2000 0
23 49 9 2000 0
0
3
25 17
48 13
49 9
END
3594752
1
36
70
13
0 30 2 50000 4
1 25 17 2000 0
2 14 16 2000 0
3 17 11 2000 0
4 49 9 2000 0
5 20 28 2000 0
12 35 20 2000 0
13 40 13 2000 0
17 49 9 20000 5
19 49 9 2000 0
20 49 9 2000 0
21 49 9 2000 0
23 49 9 2000 0
0
3
25 17
48 13
49 9
END
3594738
1
37
86
13
0 30 2 50000 4
1 25 17 2000 0
2 14 17 2000 0
3 17 12 2000 0
4 49 9 2000 0
5 20 29 2000 0
12 35 21 2000 0
13 40 14 2000 0
17 49 9 20000 5
19 49 9 2000 0
20 49 9 2000 0
21 49 9 2000 0
23 49 9 2000 0
0
3
25 17
48 13
49 9
END
3594723
1
38
102
13
0 30 2 50000 4
1 25 17 2000 0
2 14 18 2000 0
3 17 13 2000 0
4 49 9 2000 0
5 20 30 2000 0
12 35 22 2000 0
13 41 14 2000 0
17 49 9 20000 5
19 49 9 2000 0
20 49 9 2000 0
21 49 9 2000 0
23 49 9 2000 0
0
3
25 17
48 13
49 9
END
3594707
1
39
18
14
0 30 2 50000 4
1 25 17 2000 0
2 14 19 2000 0
3 17 14 2000 0
4 49 9 2000 0
5 20 31 2000 0
12 35 23 2000 0
13 41 15 2000 0
17 49 9 20000 5
19 49 9 2000 0
20 49 9 2000 0
21 49 9 2000 0
23 49 9 2000 0
25 25 17 20000 5
0
3
25 17
48 13
49 9
END
3594693
1
40
34
14
0 30 2 50000 4
1 25 17 2000 0
2 14 20 2000 0
3 17 15 2000 0
4 49 9 2000 0
5 21 31 2000 0
12 35 24 2000 0
13 41 16 2000 0
17 49 9 20000 5
19 49 9 2000 0
20 49 9 2000 0
21 49 9 2000 0
23 49 9 2000 0
25 25 17 20000 5
0
3
25 17
48 13
49 9
END
3594678
1
41
50
14
0 30 2 50000 4
1 25 17 2000 0
2 14 21 2000 0
3 16 15 2000 0
4 49 9 2000 0
5 22 31 2000 0
12 35 25 2000 0
13 41 17 2000 0
17 49 9 20000 5
19 49 9 2000 0
20 49 9 2000 0
21 49 9 2000 0
23 49 9 2000 0
25 25 17 20000 5
0
3
25 17
48 13
49 9
END
3594663
1
42
27
15
0 30 2 50000 4
1 25 17 2000 0
2 14 22 2000 0
3 16 16 2000 0
4 49 9 2000 0
5 23 31 2000 0
12 35 26 2000 0
13 41 18 2000 0
17 49 9 20000 5
19 49 9 2000 0
20 49 9 2000 0
21 49 9 2000 0
23 49 9 2000 0
25 25 17 20000 5
27 25 17 2000 0
0
3
25 17
48 13
49 9
END
3594648
1
43
44
15
0 30 2 50000 4
1 25 17 2000 0
2 14 23 2000 0
3 16 17 2000 0
4 49 9 2000 0
5 24 31 2000 0
12 35 27 2000 0
13 42 18 2000 0
17 49 9 20000 5
19 49 9 2000 0
20 49 9 2000 0
21 49 9 2000 0
23 49 9 2000 0
25 25 17 20000 5
27 25 17 2000 0
0
3
25 17
48 13
49 9
END
3594633
1
44
22
16
0 30 2 50000 4
1 25 17 2000 0
2 14 24 2000 0
3 16 18 2000 0
4 49 9 2000 0
5 25 31 2000 0
12 35 28 2000 0
13 43 18 2000 0
17 49 9 20000 5
19 49 9 2000 0
20 49 9 2000 0
21 49 9 2000 0
23 49 9 2000 0
25 25 17 20000 5
27 25 17 2000 0
29 25 17 2000 0
0
3
25 17
48 13
49 9
END
3594618
1
45
40
16
0 30 2 50000 4
1 25 17 2000 0
2 14 25 2000 0
3 16 19 2000 0
4 49 9 2000 0
5 26 31 2000 0
12 35 29 2000 0
13 43 19 2000 0
17 49 9 20000 5
19 49 9 2000 0
20 49 9 2000 0
21 49 9 2000 0
23 49 9 2000 0
25 25 17 20000 5
27 25 17 2000 0
29 25 17 2000 0
0
3
25 17
48 13
49 9
END
3594603
1
46
19
17
0 30 2 50000 4
1 25 17 2000 0
2 14 26 2000 0
3 16 20 2000 0
4 49 9 2000 0
5 27 31 2000 0
12 35 30 2000 0
13 43 20 2000 0
17 49 9 20000 5
19 49 9 2000 0
20 49 9 2000 0
21 49 9 2000 0
23 49 9 2000 0
25 25 17 20000 5
27 25 17 2000 0
29 25 17 2000 0
30 25 17 2000 0
0
3
25 17
48 13
49 9
END
3594588
1
47
38
17
0 30 2 50000 4
1 25 17 2000 0
2 14 27 2000 0
3 16 21 2000 0
4 49 9 2000 0
5 27 32 2000 0
12 35 31 2000 0
13 43 21 2000 0
17 49 9 20000 5
19 49 9 2000 0
20 49 9 2000 0
21 49 9 2000 0
23 49 9 2000 0
25 25 17 20000 5
27 25 17 2000 0
29 25 17 2000 0
30 25 17 2000 0
0
3
25 17
48 13
49 9
END
3594574
1
48
57
17
0 30 2 50000 4
1 25 17 2000 0
2 14 28 2000 0
3 16 22 2000 0
4 49 9 2000 0
5 27 33 2000 0
12 35 32 2000 0
13 43 22 2000 0
17 49 9 20000 5
19 49 9 2000 0
20 49 9 2000 0
21 49 9 2000 0
23 49 9 2000 0
25 25 17 20000 5
27 25 17 2000 0
29 25 17 2000 0
30 25 17 2000 0
0
3
25 17
48 13
49 9
END
3594559
1
49
37
18
0 30 2 50000 4
1 25 17 2000 0
2 14 29 2000 0
3 16 23 2000 0
4 49 9 2000 0
5 27 34 2000 0
12 35 33 2000 0
13 43 23 2000 0
17 49 9 20000 5
19 49 9 2000 0
20 49 9 2000 0
21 49 9 2000 0
23 49 9 2000 0
25 25 17 20000 5
27 25 17 2000 0
29 25 17 2000 0
30 25 17 2000 0
32 25 17 2000 0
0
3
25 17
48 13
49 9
END
3594544
1
50
57
18
0 30 2 50000 4
1 25 17 2000 0
2 14 30 2000 0
3 16 24 2000 0
4 49 9 2000 0
5 27 35 2000 0
12 35 34 2000 0
13 43 24 2000 0
17 49 9 20000 5
19 49 9 2000 0
20 49 9 2000 0
21 49 9 2000 0
23 49 9 2000 0
25 25 17 20000 5
27 25 17 2000 0
29 25 17 2000 0
30 25 17 2000 0
32 25 17 2000 0
0
4
25 17
48 13
49 9
43 28
END
3594530
1
51
37
19
0 30 2 50000 4
1 25 17 2000 0
2 14 31 2000 0
3 15 24 2000 0
4 49 9 2000 0
5 27 36 2000 0
12 36 34 2000 0
13 43 25 2000 0
17 49 9 20000 5
19 49 9 2000 0
20 49 9 2000 0
21 49 9 2000 0
23 49 9 2000 0
25 25 17 20000 5
27 25 17 2000 0
29 25 17 2000 0
30 25 17 2000 0
32 25 17 2000 0
34 25 17 2000 0
0
4
25 17
48 13
49 9
43 28
END
3594515
1
52
57
19
0 30 2 50000 4
1 25 17 2000 0
2 14 32 2000 0
3 14 24 2000 0
4 49 9 2000 0
5 27 37 2000 0
12 37 34 2000 0
13 43 26 2000 0
17 49 9 20000 5
19 49 9 2000 0
20 49 9 2000 0
21 49 9 2000 0
23 49 9 2000 0
25 25 17 20000 5
27 25 17 2000 0
29 25 17 2000 0
30 25 17 2000 0
32 25 17 2000 0
34 26 17 2000 0
0
4
25 17
48 13
49 9
43 28
END
3594501
1
53
37
20
0 30 2 50000 4
1 25 17 2000 0
2 14 33 2000 0
3 13 24 2000 0
4 49 9 2000 0
5 27 38 2000 0
12 37 35 2000 0
13 43 27 2000 0
17 49 9 20000 5
19 49 9 2000 0
20 49 9 2000 0
21 49 9 2000 0
23 49 9 2000 0
25 25 17 20000 5
27 25 17 2000 0
29 25 17 2000 0
30 25 17 2000 0
32 25 17 2000 0
34 27 17 2000 0
35 25 17 2000 0
0
4
25 17
48 13
49 9
43 28
END
3594486
1
54
58
20
0 30 2 50000 4
1 25 17 2000 0
2 14 34 2000 0
3 12 24 2000 0
4 49 9 2000 0
5 27 39 2000 0
12 38 35 2000 0
13 43 28 2000 0
17 49 9 20000 5
19 49 9 2000 0
20 49 9 2000 0
21 49 9 2000 0
23 49 9 2000 0
25 25 17 20000 5
27 25 17 2000 0
29 25 17 2000 0
30 25 17 2000 0
32 25 17 2000 0
34 28 17 2000 0
35 24 17 2000 0
0
4
25 17
48 13
49 9
43 28
END
3594472
1
55
79
20
0 30 2 50000 4
1 25 17 2000 0
2 14 35 2000 0
3 11 24 2000 0
4 49 9 2000 0
5 27 40 2000 0
12 39 35 2000 0
13 43 28 2000 0
17 49 9 20000 5
19 49 9 2000 0
20 49 9 2000 0
21 49 9 2000 0
23 49 9 2000 0
25 25 17 20000 5
27 25 17 2000 0
29 25 17 2000 0
30 25 17 2000 0
32 25 17 2000 0
34 29 17 2000 0
35 23 17 2000 0
0
4
25 17
48 13
49 9
43 28
END
3594457
1
56
100
20
0 30 2 50000 4
1 25 17 2000 0
2 14 36 2000 0
3 10 24 2000 0
4 49 9 2000 0
5 27 41 2000 0
12 40 35 2000 0
13 43 28 2000 0
17 49 9 20000 5
19 49 9 2000 0
20 49 9 2000 0
21 49 9 2000 0
23 49 9 2000 0
25 25 17 20000 5
27 25 17 2000 0
29 25 17 2000 0
30 25 17 2000 0
32 25 17 2000 0
34 29 18 2000 0
35 22 17 2000 0
0
4
25 17
48 13
49 9
43 28
END
3594441
1
57
21
21
0 30 2 50000 4
1 25 17 2000 0
2 14 37 2000 0
3 9 24 2000 0
4 49 9 2000 0
5 27 42 2000 0
12 40 36 2000 0
13 43 28 2000 0
17 49 9 20000 5
19 49 9 2000 0
20 49 9 2000 0
21 49 9 2000 0
23 49 9 2000 0
25 25 17 20000 5
27 25 17 2000 0
29 25 17 2000 0
30 25 17 2000 0
32 25 17 2000 0
34 29 19 2000 0
35 22 18 2000 0
39 43 28 20000 5
0
5
25 17
48 13
49 9
52 27
43 28
END
3594426
1
58
42
21
0 30 2 50000 4
1 25 17 2000 0
2 14 38 2000 0
3 8 24 2000 0
4 49 9 2000 0
5 27 43 2000 0
12 40 37 2000 0
13 43 28 2000 0
17 49 9 20000 5
19 49 9 2000 0
20 49 9 2000 0
21 49 9 2000 0
23 49 9 2000 0
25 25 17 20000 5
27 25 17 2000 0
29 25 17 2000 0
30 25 17 2000 0
32 25 17 2000 0
34 29 20 2000 0
35 22 19 2000 0
39 43 28 20000 5
0
5
25 17
48 13
49 9
52 27
43 28
END
3594411
1
59
24
22
0 30 2 50000 4
1 25 17 2000 0
2 14 39 2000 0
3 8 25 2000 0
4 49 9 2000 0
5 28 43 2000 0
12 41 37 2000 0
13 43 28 2000 0
17 49 9 20000 5
19 49 9 2000 0
20 49 9 2000 0
21 49 9 2000 0
23 49 9 2000 0
25 25 17 20000 5
27 25 17 2000 0
29 25 17 2000 0
30 25 17 2000 0
32 25 17 2000 0
34 29 21 2000 0
35 22 20 2000 0
39 43 28 20000 5
40 43 28 2000 0
0
5
25 17
48 13
49 9
52 27
43 28
END
3594397
1
60
46
22
0 30 2 50000 4
1 25 17 2000 0
2 14 40 2000 0
3 8 26 2000 0
4 49 9 2000 0
5 29 43 2000 0
12 41 38 2000 0
13 43 28 2000 0
17 49 9 20000 5
19 49 9 2000 0
20 49 9 2000 0
21 49 9 2000 0
23 49 9 2000 0
25 25 17 20000 5
27 25 17 2000 0
29 25 17 2000 0
30 25 17 2000 0
32 25 17 2000 0
34 29 22 2000 0
35 22 21 2000 0
39 43 28 20000 5
40 43 28 2000 0
0
5
25 17
48 13
49 9
52 27
43 28
END
3594381
1
61
29
23
0 30 2 50000 4
1 25 17 2000 0
2 14 41 2000 0
3 8 27 2000 0
4 49 9 2000 0
5 30 43 2000 0
12 41 39 2000 0
13 43 28 2000 0
17 49 9 20000 5
19 49 9 2000 0
20 49 9 2000 0
21 49 9 2000 0
23 49 9 2000 0
25 25 17 20000 5
27 25 17 2000 0
29 25 17 2000 0
30 25 17 2000 0
32 25 17 2000 0
34 29 23 2000 0
35 22 22 2000 0
39 43 28 20000 5
40 43 28 2000 0
42 43 28 2000 0
0
5
25 17
48 13
49 9
52 27
43 28
END
3594366
1
62
52
23
0 30 2 50000 4
1 25 17 2000 0
2 15 41 2000 0
3 8 28 2000 0
4 49 9 2000 0
5 31 43 2000 0
12 41 40 2000 0
13 43 28 2000 0
17 49 9 20000 5
19 49 9 2000 0
20 49 9 2000 0
21 49 9 2000 0
23 49 9 2000 0
25 25 17 20000 5
27 25 17 2000 0
29 25 17 2000 0
30 25 17 2000 0
32 25 17 2000 0
34 29 24 2000 0
35 22 23 2000 0
39 43 28 20000 5
40 43 28 2000 0
42 43 28 2000 0
0
5
25 17
48 13
49 9
52 27
43 28
END
3594351
1
63
36
24
0 30 2 50000 4
1 25 17 2000 0
2 16 41 2000 0
3 8 29 2000 0
4 49 9 2000 0
5 32 43 2000 0
12 41 41 2000 0
13 43 28 2000 0
17 49 9 20000 5
19 49 9 2000 0
20 49 9 2000 0
21 49 9 2000 0
23 49 9 2000 0
25 25 17 20000 5
27 25 17 2000 0
29 25 17 2000 0
30 25 17 2000 0
32 25 17 2000 0
34 30 24 2000 0
35 22 24 2000 0
39 43 28 20000 5
40 43 28 2000 0
42 43 28 2000 0
44 43 28 2000 0
0
5
25 17
48 13
49 9
52 27
43 28
END
3594336
1
64
60
24
0 30 2 50000 4
1 25 17 2000 0
2 16 42 2000 0
3 8 30 2000 0
4 49 9 2000 0
5 32 42 2000 0
12 41 42 2000 0
13 43 28 2000 0
17 49 9 20000 5
19 49 9 2000 0
20 49 9 2000 0
21 49 9 2000 0
23 49 9 2000 0
25 25 17 20000 5
27 25 17 2000 0
29 25 17 2000 0
30 25 17 2000 0
32 25 17 2000 0
34 30 25 2000 0
35 22 25 2000 0
39 43 28 20000 5
40 43 28 2000 0
42 43 28 2000 0
44 43 28 2000 0
0
5
25 17
48 13
49 9
52 27
43 28
END
3594321
1
65
45
25
0 30 2 50000 4
1 25 17 2000 0
2 16 43 2000 0
3 8 31 2000 0
4 49 9 2000 0
5 32 41 2000 0
12 41 43 2000 0
13 43 28 2000 0
17 49 9 20000 5
19 49 9 2000 0
20 49 9 2000 0
21 49 9 2000 0
23 49 9 2000 0
25 25 17 20000 5
27 25 17 2000 0
29 25 17 2000 0
30 25 17 2000 0
32 25 17 2000 0
34 31 25 2000 0
35 22 26 2000 0
39 43 28 20000 5
40 43 28 2000 0
42 43 28 2000 0
44 43 28 2000 0
45 43 28 2000 0
0
5
25 17
48 13
49 9
52 27
43 28
END
3594307
1
66
30
26
0 30 2 50000 4
1 25 17 2000 0
2 16 44 2000 0
3 8 32 2000 0
4 49 9 2000 0
5 32 40 2000 0
12 41 44 2000 0
13 43 28 2000 0
17 49 9 20000 5
19 49 9 2000 0
20 49 9 2000 0
21 49 9 2000 0
23 49 9 2000 0
25 25 17 20000 5
27 25 17 2000 0
29 25 17 2000 0
30 25 17 2000 0
32 25 17 2000 0
34 32 25 2000 0
35 22 27 2000 0
39 43 28 20000 5
40 43 28 2000 0
42 43 28 2000 0
44 43 28 2000 0
45 43 28 2000 0
47 43 28 2000 0
0
5
25 17
48 13
49 9
52 27
43 28
END
3594292
1
67
55
26
0 30 2 50000 4
1 25 17 2000 0
2 16 45 2000 0
3 8 33 2000 0
4 49 9 2000 0
5 32 39 2000 0
12 41 45 2000 0
13 43 28 2000 0
17 49 9 20000 5
19 49 9 2000 0
20 49 9 2000 0
21 49 9 2000 0
23 49 9 2000 0
25 25 17 20000 5
27 25 17 2000 0
29 25 17 2000 0
30 25 17 2000 0
32 25 17 2000 0
34 33 25 2000 0
35 22 28 2000 0
39 43 28 20000 5
40 43 28 2000 0
42 43 28 2000 0
44 43 28 2000 0
45 43 28 2000 0
47 44 28 2000 0
0
5
25 17
48 13
49 9
52 27
43 28
END
3594277
1
68
40
27
0 30 2 50000 4
1 25 17 2000 0
2 17 45 2000 0
3 8 34 2000 0
4 49 9 2000 0
5 32 40 2000 0
12 42 45 2000 0
13 43 28 2000 0
17 49 9 20000 5
19 49 9 2000 0
20 49 9 2000 0
21 49 9 2000 0
23 49 9 2000 0
25 25 17 20000 5
27 25 17 2000 0
29 25 17 2000 0
30 25 17 2000 0
32 25 17 2000 0
34 33 24 2000 0
35 22 29 2000 0
39 43 28 20000 5
40 43 28 2000 0
42 43 28 2000 0
44 43 28 2000 0
45 43 28 2000 0
47 45 28 2000 0
49 43 28 2000 0
0
5
25 17
48 13
49 9
52 27
43 28
END
3594262
1
69
65
27
0 30 2 50000 4
1 25 17 2000 0
2 18 45 2000 0
3 8 35 2000 0
4 49 9 2000 0
5 33 40 2000 0
12 43 45 2000 0
13 43 28 2000 0
17 49 9 20000 5
19 49 9 2000 0
20 49 9 2000 0
21 49 9 2000 0
23 49 9 2000 0
25 25 17 20000 5
27 25 17 2000 0
29 25 17 2000 0
30 25 17 2000 0
32 25 17 2000 0
34 34 24 2000 0
35 22 30 2000 0
39 43 28 20000 5
40 43 28 2000 0
42 43 28 2000 0
44 43 28 2000 0
45 43 28 2000 0
47 46 28 2000 0
49 44 28 2000 0
0
5
25 17
48 13
49 9
52 27
43 28
END
3594248
1
70
90
27
0 30 2 50000 4
1 25 17 2000 0
2 19 45 2000 0
3 8 36 2000 0
4 49 9 2000 0
5 34 40 2000 0
12 44 45 2000 0
13 43 28 2000 0
17 49 9 20000 5
19 49 9 2000 0
20 49 9 2000 0
21 49 9 2000 0
23 49 9 2000 0
25 25 17 20000 5
27 25 17 2000 0
29 25 17 2000 0
30 25 17 2000 0
32 25 17 2000 0
34 35 24 2000 0
35 22 31 2000 0
39 43 28 20000 5
40 43 28 2000 0
42 43 28 2000 0
44 43 28 2000 0
45 43 28 2000 0
47 47 28 2000 0
49 45 28 2000 0
0
5
25 17
48 13
49 9
52 27
43 28
END
3594233
1
71
115
27
0 30 2 50000 4
1 25 17 2000 0
2 19 46 2000 0
3 8 37 2000 0
4 49 9 2000 0
5 34 41 2000 0
12 45 45 2000 0
13 43 28 2000 0
17 49 9 20000 5
19 49 9 2000 0
20 49 9 2000 0
21 49 9 2000 0
23 49 9 2000 0
25 25 17 20000 5
27 25 17 2000 0
29 25 17 2000 0
30 25 17 2000 0
32 25 17 2000 0
34 36 24 2000 0
35 22 32 2000 0
39 43 28 20000 5
40 43 28 2000 0
42 43 28 2000 0
44 43 28 2000 0
45 43 28 2000 0
47 48 28 2000 0
49 45 29 2000 0
0
5
25 17
48 13
49 9
52 27
43 28
END
3594219
1
72
140
27
0 30 2 50000 4
1 25 17 2000 0
2 20 46 2000 0
3 8 38 2000 0
4 49 9 2000 0
5 34 42 2000 0
12 46 45 2000 0
13 43 28 2000 0
17 49 9 20000 5
19 49 9 2000 0
20 49 9 2000 0
21 49 9 2000 0
23 49 9 2000 0
25 25 17 20000 5
27 25 17 2000 0
29 25 17 2000 0
30 25 17 2000 0
32 25 17 2000 0
34 37 24 2000 0
35 22 33 2000 0
39 43 28 20000 5
40 43 28 2000 0
42 43 28 2000 0
44 43 28 2000 0
45 43 28 2000 0
47 49 28 2000 0
49 46 29 2000 0
0
6
25 17
48 13
50 45
49 9
52 27
43 28
END
3594204
1
73
165
27
0 30 2 50000 4
1 25 17 2000 0
2 21 46 2000 0
3 8 39 2000 0
4 49 9 2000 0
5 34 43 2000 0
12 47 45 2000 0
13 43 28 2000 0
17 49 9 20000 5
19 49 9 2000 0
20 49 9 2000 0
21 49 9 2000 0
23 49 9 2000 0
25 25 17 20000 5
27 25 17 2000 0
29 25 17 2000 0
30 25 17 2000 0
32 25 17 2000 0
34 38 24 2000 0
35 22 34 2000 0
39 43 28 20000 5
40 43 28 2000 0
42 43 28 2000 0
44 43 28 2000 0
45 43 28 2000 0
47 50 28 2000 0
49 46 30 2000 0
0
6
25 17
48 13
50 45
49 9
52 27
43 28
END
3594189
1
74
190
27
0 30 2 50000 4
1 25 17 2000 0
2 22 46 2000 0
3 8 40 2000 0
4 49 9 2000 0
5 34 44 2000 0
12 48 45 2000 0
13 43 28 2000 0
17 49 9 20000 5
19 49 9 2000 0
20 49 9 2000 0
21 49 9 2000 0
23 49 9 2000 0
25 25 17 20000 5
27 25 17 2000 0
29 25 17 2000 0
30 25 17 2000 0
32 25 17 2000 0
34 38 23 2000 0
35 22 35 2000 0
39 43 28 20000 5
40 43 28 2000 0
42 43 28 2000 0
44 43 28 2000 0
45 43 28 2000 0
47 51 28 2000 0
49 47 30 2000 0
0
6
25 17
48 13
50 45
49 9
52 27
43 28
END
3594174
1
75
215
27
0 30 2 50000 4
1 25 17 2000 0
2 22 47 2000 0
3 8 41 2000 0
4 49 9 2000 0
5 35 44 2000 0
12 49 45 2000 0
13 43 28 2000 0
17 49 9 20000 5
19 49 9 2000 0
20 49 9 2000 0
21 49 9 2000 0
23 49 9 2000 0
25 25 17 20000 5
27 25 17 2000 0
29 25 17 2000 0
30 25 17 2000 0
32 25 17 2000 0
34 39 23 2000 0
35 22 36 2000 0
39 43 28 20000 5
40 43 28 2000 0
42 43 28 2000 0
44 43 28 2000 0
45 43 28 2000 0
47 52 28 2000 0
49 47 31 2000 0
0
6
25 17
48 13
50 45
49 9
52 27
43 28
END
3594157
1
76
242
27
0 30 2 50000 4
1 25 17 2000 0
2 22 48 2000 0
3 8 42 2000 0
4 49 9 2000 0
5 35 45 2000 0
12 50 45 2000 0
13 43 28 2000 0
17 49 9 20000 5
19 49 9 2000 0
20 49 9 2000 0
21 49 9 2000 0
23 49 9 2000 0
25 25 17 20000 5
27 25 17 2000 0
29 25 17 2000 0
30 25 17 2000 0
32 25 17 2000 0
34 40 23 2000 0
35 22 37 2000 0
39 43 28 20000 5
40 43 28 2000 0
42 43 28 2000 0
44 43 28 2000 0
45 43 28 2000 0
47 52 27 2000 0
49 47 32 2000 0
0
6
25 17
48 13
50 45
49 9
52 27
43 28
END
3594142
1
77
69
29
0 30 2 50000 4
1 25 17 2000 0
2 22 49 2000 0
3 8 43 2000 0
4 49 9 2000 0
5 35 46 2000 0
12 50 45 2000 0
13 43 28 2000 0
17 49 9 20000 5
19 49 9 2000 0
20 49 9 2000 0
21 49 9 2000 0
23 49 9 2000 0
25 25 17 20000 5
27 25 17 2000 0
29 25 17 2000 0
30 25 17 2000 0
32 25 17 2000 0
34 41 23 2000 0
35 22 38 2000 0
39 43 28 20000 5
40 43 28 2000 0
42 43 28 2000 0
44 43 28 2000 0
45 43 28 2000 0
47 52 27 2000 0
49 47 33 2000 0
54 50 45 20000 5
55 52 27 20000 5
5
7 57 46 2000 0
41 57 46 2000 0
43 57 46 2000 0
46 57 46 2000 0
48 57 46 2000 0
7
25 17
48 13
50 45
49 9
52 27
43 28
57 46
END
3594127
1
78
57
30
0 30 2 50000 4
1 25 17 2000 0
2 22 50 2000 0
3 8 44 2000 0
4 49 9 2000 0
5 35 47 2000 0
12 50 45 2000 0
13 43 28 2000 0
17 49 9 20000 5
19 49 9 2000 0
20 49 9 2000 0
21 49 9 2000 0
23 49 9 2000 0
25 25 17 20000 5
27 25 17 2000 0
29 25 17 2000 0
30 25 17 2000 0
32 25 17 2000 0
34 42 23 2000 0
35 23 38 2000 0
39 43 28 20000 5
40 43 28 2000 0
42 43 28 2000 0
44 43 28 2000 0
45 43 28 2000 0
47 52 27 2000 0
49 47 34 2000 0
54 50 45 20000 5
55 52 27 20000 5
57 50 45 2000 0
5
7 57 46 2000 0
41 57 46 2000 0
43 57 46 2000 0
46 57 46 2000 0
48 57 46 2000 0
7
25 17
48 13
50 45
49 9
52 27
43 28
57 46
END
3594112
1
79
46
31
0 30 2 50000 4
1 25 17 2000 0
2 22 51 2000 0
3 8 45 2000 0
4 49 9 2000 0
5 35 48 2000 0
12 50 45 2000 0
13 43 28 2000 0
17 49 9 20000 5
19 49 9 2000 0
20 49 9 2000 0
21 49 9 2000 0
23 49 9 2000 0
25 25 17 20000 5
27 25 17 2000 0
29 25 17 2000 0
30 25 17 2000 0
32 25 17 2000 0
34 43 23 2000 0
35 24 38 2000 0
39 43 28 20000 5
40 43 28 2000 0
42 43 28 2000 0
44 43 28 2000 0
45 43 28 2000 0
47 52 27 2000 0
49 47 35 2000 0
54 50 45 20000 5
55 52 27 20000 5
57 50 45 2000 0
58 50 45 2000 0
6
7 57 46 2000 0
8 37 49 2000 0
41 57 46 2000 0
43 57 46 2000 0
46 57 46 2000 0
48 57 46 2000 0
7
25 17
48 13
50 45
49 9
52 27
43 28
57 46
END
3594097
1
80
36
32
0 30 2 50000 4
1 25 17 2000 0
2 22 52 2000 0
3 8 46 2000 0
4 49 9 2000 0
5 35 49 2000 0
12 50 45 2000 0
13 43 28 2000 0
17 49 9 20000 5
19 49 9 2000 0
20 49 9 2000 0
21 49 9 2000 0
23 49 9 2000 0
25 25 17 20000 5
27 25 17 2000 0
29 25 17 2000 0
30 25 17 2000 0
32 25 17 2000 0
34 44 23 2000 0
35 25 38 2000 0
39 43 28 20000 5
40 43 28 2000 0
42 43 28 2000 0
44 43 28 2000 0
45 43 28 2000 0
47 52 27 2000 0
49 48 35 2000 0
54 50 45 20000 5
55 52 27 20000 5
57 50 45 2000 0
58 50 45 2000 0
60 50 45 2000 0
6
7 57 46 2000 0
8 37 48 2000 0
41 57 46 2000 0
43 57 46 2000 0
46 57 46 2000 0
48 57 46 2000 0
7
25 17
48 13
50 45
49 9
52 27
43 28
57 46
END
3594083
1
81
66
32
0 30 2 50000 4
1 25 17 2000 0
2 22 53 2000 0
3 8 47 2000 0
4 49 9 2000 0
5 35 50 2000 0
12 50 45 2000 0
13 43 28 2000 0
17 49 9 20000 5
19 49 9 2000 0
20 49 9 2000 0
21 49 9 2000 0
23 49 9 2000 0
25 25 17 20000 5
27 25 17 2000 0
29 25 17 2000 0
30 25 17 2000 0
32 25 17 2000 0
34 45 23 2000 0
35 26 38 2000 0
39 43 28 20000 5
40 43 28 2000 0
42 43 28 2000 0
44 43 28 2000 0
45 43 28 2000 0
47 52 27 2000 0
49 49 35 2000 0
54 50 45 20000 5
55 52 27 20000 5
57 50 45 2000 0
58 50 45 2000 0
60 50 45 2000 0
5
7 57 46 2000 0
41 57 46 2000 0
43 57 46 2000 0
46 57 46 2000 0
48 57 46 2000 0
7
25 17
48 13
50 45
49 9
52 27
43 28
57 46
END
3594068
1
82
57
33
0 30 2 50000 4
1 25 17 2000 0
2 22 54 2000 0
3 8 48 2000 0
4 49 9 2000 0
5 35 51 2000 0
12 50 45 2000 0
13 43 28 2000 0
17 49 9 20000 5
19 49 9 2000 0
20 49 9 2000 0
21 49 9 2000 0
23 49 9 2000 0
25 25 17 20000 5
27 25 17 2000 0
29 25 17 2000 0
30 25 17 2000 0
32 25 17 2000 0
34 46 23 2000 0
35 27 38 2000 0
39 43 28 20000 5
40 43 28 2000 0
42 43 28 2000 0
44 43 28 2000 0
45 43 28 2000 0
47 52 27 2000 0
49 50 35 2000 0
54 50 45 20000 5
55 52 27 20000 5
57 50 45 2000 0
58 50 45 2000 0
60 50 45 2000 0
62 50 45 2000 0
5
7 57 46 2000 0
41 57 46 2000 0
43 57 46 2000 0
46 57 46 2000 0
48 57 46 2000 0
7
25 17
48 13
50 45
49 9
52 27
43 28
57 46
END
3594054
1
83
49
34
0 30 2 50000 4
1 25 17 2000 0
2 22 55 2000 0
3 8 49 2000 0
4 49 9 2000 0
5 35 52 2000 0
12 50 45 2000 0
13 43 28 2000 0
17 49 9 20000 5
19 49 9 2000 0
20 49 9 2000 0
21 49 9 2000 0
23 49 9 2000 0
25 25 17 20000 5
27 25 17 2000 0
29 25 17 2000 0
30 25 17 2000 0
32 25 17 2000 0
34 47 23 2000 0
35 27 39 2000 0
39 43 28 20000 5
40 43 28 2000 0
42 43 28 2000 0
44 43 28 2000 0
45 43 28 2000 0
47 52 27 2000 0
49 51 35 2000 0
54 50 45 20000 5
55 52 27 20000 5
57 50 45 2000 0
58 50 45 2000 0
60 50 45 2000 0
62 50 45 2000 0
64 52 27 2000 0
5
7 57 46 2000 0
41 57 46 2000 0
43 57 46 2000 0
46 57 46 2000 0
48 57 46 2000 0
7
25 17
48 13
50 45
49 9
52 27
43 28
57 46
END
3594039
1
84
42
35
0 30 2 50000 4
1 25 17 2000 0
2 22 56 2000 0
3 8 50 2000 0
4 49 9 2000 0
5 35 53 2000 0
12 50 45 2000 0
13 43 28 2000 0
17 49 9 20000 5
19 49 9 2000 0
20 49 9 2000 0
21 49 9 2000 0
23 49 9 2000 0
25 25 17 20000 5
27 25 17 2000 0
29 25 17 2000 0
30 25 17 2000 0
32 25 17 2000 0
34 48 23 2000 0
35 27 40 2000 0
39 43 28 20000 5
40 43 28 2000 0
42 43 28 2000 0
44 43 28 2000 0
45 43 28 2000 0
47 52 27 2000 0
49 51 36 2000 0
54 50 45 20000 5
55 52 27 20000 5
57 50 45 2000 0
58 50 45 2000 0
60 50 45 2000 0
62 50 45 2000 0
64 52 27 2000 0
65 52 27 2000 0
5
7 57 46 2000 0
41 57 46 2000 0
43 57 46 2000 0
46 57 46 2000 0
48 57 46 2000 0
7
25 17
48 13
50 45
49 9
52 27
43 28
57 46
END
3594025
1
85
36
36
0 30 2 50000 4
1 25 17 2000 0
2 22 57 2000 0
3 8 51 2000 0
4 49 9 2000 0
5 35 54 2000 0
12 50 45 2000 0
13 43 28 2000 0
17 49 9 20000 5
19 49 9 2000 0
20 49 9 2000 0
21 49 9 2000 0
23 49 9 2000 0
25 25 17 20000 5
27 25 17 2000 0
29 25 17 2000 0
30 25 17 2000 0
32 25 17 2000 0
34 49 23 2000 0
35 27 41 2000 0
39 43 28 20000 5
40 43 28 2000 0
42 43 28 2000 0
44 43 28 2000 0
45 43 28 2000 0
47 52 27 2000 0
49 52 36 2000 0
54 50 45 20000 5
55 52 27 20000 5
57 50 45 2000 0
58 50 45 2000 0
60 50 45 2000 0
62 50 45 2000 0
64 52 27 2000 0
65 52 27 2000 0
67 52 27 2000 0
5
7 57 46 2000 0
41 57 46 2000 0
43 57 46 2000 0
46 57 46 2000 0
48 57 46 2000 0
7
25 17
48 13
50 45
49 9
52 27
43 28
57 46
END
3594010
1
86
70
36
0 30 2 50000 4
1 25 17 2000 0
2 22 58 2000 0
3 8 52 2000 0
4 49 9 2000 0
5 35 55 2000 0
12 50 45 2000 0
13 43 28 2000 0
17 49 9 20000 5
19 49 9 2000 0
20 49 9 2000 0
21 49 9 2000 0
23 49 9 2000 0
25 25 17 20000 5
27 25 17 2000 0
29 25 17 2000 0
30 25 17 2000 0
32 25 17 2000 0
34 50 23 2000 0
35 27 42 2000 0
39 43 28 20000 5
40 43 28 2000 0
42 43 28 2000 0
44 43 28 2000 0
45 43 28 2000 0
47 52 27 2000 0
49 53 36 2000 0
54 50 45 20000 5
55 52 27 20000 5
57 50 45 2000 0
58 50 45 2000 0
60 50 45 2000 0
62 50 45 2000 0
64 52 27 2000 0
65 52 27 2000 0
67 52 27 2000 0
5
7 57 46 2000 0
41 57 46 2000 0
43 57 46 2000 0
46 57 46 2000 0
48 57 46 2000 0
7
25 17
48 13
50 45
49 9
52 27
43 28
57 46
END
3593995
1
87
65
37
0 30 2 50000 4
1 25 17 2000 0
2 22 59 2000 0
3 8 53 2000 0
4 49 9 2000 0
5 35 56 2000 0
12 50 45 2000 0
13 43 28 2000 0
17 49 9 20000 5
19 49 9 2000 0
20 49 9 2000 0
21 49 9 2000 0
23 49 9 2000 0
25 25 17 20000 5
27 25 17 2000 0
29 25 17 2000 0
30 25 17 2000 0
32 25 17 2000 0
34 51 23 2000 0
35 27 43 2000 0
39 43 28 20000 5
40 43 28 2000 0
42 43 28 2000 0
44 43 28 2000 0
45 43 28 2000 0
47 52 27 2000 0
49 54 36 2000 0
54 50 45 20000 5
55 52 27 20000 5
57 50 45 2000 0
58 50 45 2000 0
60 50 45 2000 0
62 50 45 2000 0
64 52 27 2000 0
65 52 27 2000 0
67 52 27 2000 0
69 52 27 2000 0
5
7 57 46 2000 0
41 57 46 2000 0
43 57 46 2000 0
46 57 46 2000 0
48 57 46 2000 0
7
25 17
48 13
50 45
49 9
52 27
43 28
57 46
END
3593980
1
88
60
38
0 30 2 50000 4
1 25 17 2000 0
2 22 60 2000 0
3 8 54 2000 0
4 49 9 2000 0
5 35 57 2000 0
12 50 45 2000 0
13 43 28 2000 0
17 49 9 20000 5
19 49 9 2000 0
20 49 9 2000 0
21 49 9 2000 0
23 49 9 2000 0
25 25 17 20000 5
27 25 17 2000 0
29 25 17 2000 0
30 25 17 2000 0
32 25 17 2000 0
34 52 23 2000 0
35 27 44 2000 0
39 43 28 20000 5
40 43 28 2000 0
42 43 28 2000 0
44 43 28 2000 0
45 43 28 2000 0
47 52 27 2000 0
49 55 36 2000 0
54 50 45 20000 5
55 52 27 20000 5
57 50 45 2000 0
58 50 45 2000 0
60 50 45 2000 0
62 50 45 2000 0
64 52 27 2000 0
65 52 27 2000 0
67 52 27 2000 0
69 52 27 2000 0
71 50 45 2000 0
6
7 57 46 2000 0
41 57 46 2000 0
43 57 46 2000 0
46 57 46 2000 0
48 57 46 2000 0
56 53 52 2000 0
7
25 17
48 13
50 45
49 9
52 27
43 28
57 46
END
3593965
1
89
55
39
0 30 2 50000 4
1 25 17 2000 0
2 22 61 2000 0
3 8 55 2000 0
4 49 9 2000 0
5 35 58 2000 0
12 50 45 2000 0
13 43 28 2000 0
17 49 9 20000 5
19 49 9 2000 0
20 49 9 2000 0
21 49 9 2000 0
23 49 9 2000 0
25 25 17 20000 5
27 25 17 2000 0
29 25 17 2000 0
30 25 17 2000 0
32 25 17 2000 0
34 53 23 2000 0
35 27 45 2000 0
39 43 28 20000 5
40 43 28 2000 0
42 43 28 2000 0
44 43 28 2000 0
45 43 28 2000 0
47 52 27 2000 0
49 56 36 2000 0
54 50 45 20000 5
55 52 27 20000 5
57 50 45 2000 0
58 50 45 2000 0
60 50 45 2000 0
62 50 45 2000 0
64 52 27 2000 0
65 52 27 2000 0
67 52 27 2000 0
69 52 27 2000 0
71 51 45 2000 0
73 52 27 2000 0
7
7 57 46 2000 0
41 57 46 2000 0
43 57 46 2000 0
46 57 46 2000 0
48 57 46 2000 0
53 57 42 2000 0
56 52 52 2000 0
7
25 17
48 13
50 45
49 9
52 27
43 28
57 46
END
3593950
1
90
90
39
0 30 2 50000 4
1 25 17 2000 0
2 22 62 2000 0
3 8 56 2000 0
4 49 9 2000 0
5 35 59 2000 0
12 50 45 2000 0
13 43 28 2000 0
17 49 9 20000 5
19 49 9 2000 0
20 49 9 2000 0
21 49 9 2000 0
23 49 9 2000 0
25 25 17 20000 5
27 25 17 2000 0
29 25 17 2000 0
30 25 17 2000 0
32 25 17 2000 0
34 54 23 2000 0
35 27 46 2000 0
39 43 28 20000 5
40 43 28 2000 0
42 43 28 2000 0
44 43 28 2000 0
45 43 28 2000 0
47 52 27 2000 0
49 57 36 2000 0
54 50 45 20000 5
55 52 27 20000 5
57 50 45 2000 0
58 50 45 2000 0
60 50 45 2000 0
62 50 45 2000 0
64 52 27 2000 0
65 52 27 2000 0
67 52 27 2000 0
69 52 27 2000 0
71 52 45 2000 0
73 53 27 2000 0
8
7 57 46 2000 0
41 57 46 2000 0
43 57 46 2000 0
46 57 46 2000 0
48 57 46 2000 0
53 56 42 2000 0
56 51 52 2000 0
68 55 50 2000 0
7
25 17
48 13
50 45
49 9
52 27
43 28
57 46
END
3593935
1
91
125
39
0 30 2 50000 4
1 25 17 2000 0
2 22 63 2000 0
3 8 57 2000 0
4 49 9 2000 0
5 35 60 2000 0
12 50 45 2000 0
13 43 28 2000 0
17 49 9 20000 5
19 49 9 2000 0
20 49 9 2000 0
21 49 9 2000 0
23 49 9 2000 0
25 25 17 20000 5
27 25 17 2000 0
29 25 17 2000 0
30 25 17 2000 0
32 25 17 2000 0
34 55 23 2000 0
35 27 47 2000 0
39 43 28 20000 5
40 43 28 2000 0
42 43 28 2000 0
44 43 28 2000 0
45 43 28 2000 0
47 52 27 2000 0
49 58 36 2000 0
54 50 45 20000 5
55 52 27 20000 5
57 50 45 2000 0
58 50 45 2000 0
60 50 45 2000 0
62 50 45 2000 0
64 52 27 2000 0
65 52 27 2000 0
67 52 27 2000 0
69 52 27 2000 0
71 53 45 2000 0
73 54 27 2000 0
7
7 57 46 2000 0
41 57 46 2000 0
43 57 46 2000 0
46 57 46 2000 0
48 57 46 2000 0
53 55 42 2000 0
56 50 52 2000 0
7
25 17
48 13
50 45
49 9
52 27
43 28
57 46
END
3593920
1
92
160
39
0 30 2 50000 4
1 25 17 2000 0
2 23 63 2000 0
3 8 58 2000 0
4 49 9 2000 0
5 36 60 2000 0
12 50 45 2000 0
13 43 28 2000 0
17 49 9 20000 5
19 49 9 2000 0
20 49 9 2000 0
21 49 9 2000 0
23 49 9 2000 0
25 25 17 20000 5
27 25 17 2000 0
29 25 17 2000 0
30 25 17 2000 0
32 25 17 2000 0
34 56 23 2000 0
35 27 48 2000 0
39 43 28 20000 5
40 43 28 2000 0
42 43 28 2000 0
44 43 28 2000 0
45 43 28 2000 0
47 52 27 2000 0
49 59 36 2000 0
54 50 45 20000 5
55 52 27 20000 5
57 50 45 2000 0
58 50 45 2000 0
60 50 45 2000 0
62 50 45 2000 0
64 52 27 2000 0
65 52 27 2000 0
67 52 27 2000 0
69 52 27 2000 0
71 54 45 2000 0
73 55 27 2000 0
8
7 57 46 2000 0
41 57 46 2000 0
43 57 46 2000 0
46 57 46 2000 0
48 57 46 2000 0
53 54 42 2000 0
56 49 52 2000 0
70 55 50 2000 0
7
25 17
48 13
50 45
49 9
52 27
43 28
57 46
END
3593906
1
93
195
39
0 30 2 50000 4
1 25 17 2000 0
2 24 63 2000 0
3 8 59 2000 0
4 49 9 2000 0
5 37 60 2000 0
12 50 45 2000 0
13 43 28 2000 0
17 49 9 20000 5
19 49 9 2000 0
20 49 9 2000 0
21 49 9 2000 0
23 49 9 2000 0
25 25 17 20000 5
27 25 17 2000 0
29 25 17 2000 0
30 25 17 2000 0
32 25 17 2000 0
34 57 23 2000 0
35 27 49 2000 0
39 43 28 20000 5
40 43 28 2000 0
42 43 28 2000 0
44 43 28 2000 0
45 43 28 2000 0
47 52 27 2000 0
49 60 36 2000 0
54 50 45 20000 5
55 52 27 20000 5
57 50 45 2000 0
58 50 45 2000 0
60 50 45 2000 0
62 50 45 2000 0
64 52 27 2000 0
65 52 27 2000 0
67 52 27 2000 0
69 52 27 2000 0
71 55 45 2000 0
73 56 27 2000 0
8
7 57 46 2000 0
41 57 46 2000 0
43 57 46 2000 0
46 57 46 2000 0
48 57 46 2000 0
53 53 42 2000 0
56 48 52 2000 0
70 54 50 2000 0
7
25 17
48 13
50 45
49 9
52 27
43 28
57 46
END
3593891
1
94
230
39
0 30 2 50000 4
1 25 17 2000 0
2 25 63 2000 0
3 8 60 2000 0
4 49 9 2000 0
5 38 60 2000 0
12 50 45 2000 0
13 43 28 2000 0
17 49 9 20000 5
19 49 9 2000 0
20 49 9 2000 0
21 49 9 2000 0
23 49 9 2000 0
25 25 17 20000 5
27 25 17 2000 0
29 25 17 2000 0
30 25 17 2000 0
32 25 17 2000 0
34 58 23 2000 0
35 27 50 2000 0
39 43 28 20000 5
40 43 28 2000 0
42 43 28 2000 0
44 43 28 2000 0
45 43 28 2000 0
47 52 27 2000 0
49 60 37 2000 0
54 50 45 20000 5
55 52 27 20000 5
57 50 45 2000 0
58 50 45 2000 0
60 50 45 2000 0
62 50 45 2000 0
64 52 27 2000 0
65 52 27 2000 0
67 52 27 2000 0
69 52 27 2000 0
71 56 45 1500 0
73 57 27 2000 0
9
7 57 46 1980 0
41 57 46 1980 0
43 57 46 1980 0
46 57 46 1980 0
48 57 46 1980 0
53 52 42 2000 0
56 47 52 2000 0
68 53 52 2000 0
70 53 50 2000 0
7
25 17
48 13
50 45
49 9
52 27
43 28
57 46
END

