3599990
0
0
0
6
0 4 21 50000 4
1 4 21 2000 0
2 4 21 2000 0
3 4 21 2000 0
4 4 21 2000 0
5 4 21 2000 0
0
0
END
3599976
0
1
10
6
0 4 21 50000 4
1 5 21 2000 0
2 5 21 2000 0
3 4 20 2000 0
4 5 21 2000 0
5 5 21 2000 0
0
0
END
3599965
0
2
20
6
0 4 21 50000 4
1 6 21 2000 0
2 6 21 2000 0
3 4 19 2000 0
4 6 21 2000 0
5 6 21 2000 0
0
0
END
3599953
0
3
30
6
0 4 21 50000 4
1 6 20 2000 0
2 7 21 2000 0
3 4 18 2000 0
4 7 21 2000 0
5 7 21 2000 0
0
0
END
3599942
0
4
40
6
0 4 21 50000 4
1 6 19 2000 0
2 8 21 2000 0
3 4 17 2000 0
4 8 21 2000 0
5 8 21 2000 0
0
0
END
3599929
0
5
10
7
0 4 21 50000 4
1 6 18 2000 0
2 9 21 2000 0
3 4 16 2000 0
4 9 21 2000 0
5 9 21 2000 0
12 4 21 2000 0
0
0
END
3599917
0
6
20
7
0 4 21 50000 4
1 6 17 2000 0
2 10 21 2000 0
3 4 15 2000 0
4 10 21 2000 0
5 9 20 2000 0
12 5 21 2000 0
0
0
END
3599905
0
7
30
7
0 4 21 50000 4
1 6 16 2000 0
2 11 21 2000 0
3 4 14 2000 0
4 10 20 2000 0
5 9 19 2000 0
12 6 21 2000 0
0
0
END
3599892
0
8
40
7
0 4 21 50000 4
1 6 15 2000 0
2 12 21 2000 0
3 4 13 2000 0
4 10 19 2000 0
5 9 18 2000 0
12 7 21 2000 0
0
0
END
3599879
0
9
10
8
0 4 21 50000 4
1 6 14 2000 0
2 13 21 2000 0
3 4 12 2000 0
4 10 18 2000 0
5 9 17 2000 0
12 7 20 2000 0
13 4 21 2000 0
0
0
END
3599868
0
10
20
8
0 4 21 50000 4
1 6 13 2000 0
2 14 21 2000 0
3 4 11 2000 0
4 10 17 2000 0
5 9 16 2000 0
12 7 19 2000 0
13 5 21 2000 0
0
0
END
3599855
0
11
30
8
0 4 21 50000 4
1 6 12 2000 0
2 15 21 2000 0
3 4 10 2000 0
4 10 16 2000 0
5 9 15 2000 0
12 7 18 2000 0
13 6 21 2000 0
0
0
END
3599843
0
12
40
8
0 4 21 50000 4
1 7 12 2000 0
2 16 21 2000 0
3 4 9 2000 0
4 10 15 2000 0
5 9 14 2000 0
12 7 17 2000 0
13 7 21 2000 0
0
1
8 9
END
3599832
0
13
10
9
0 4 21 50000 4
1 8 12 2000 0
2 17 21 2000 0
3 4 8 2000 0
4 10 14 2000 0
5 9 13 2000 0
12 8 17 2000 0
13 8 21 2000 0
14 4 21 2000 0
0
1
8 9
END
3599815
0
14
20
9
0 4 21 50000 4
1 8 11 2000 0
2 18 21 2000 0
3 4 7 2000 0
4 11 14 2000 0
5 9 12 2000 0
12 9 17 2000 0
13 9 21 2000 0
14 5 21 2000 0
0
1
8 9
END
3599799
0
15
30
9
0 4 21 50000 4
1 8 10 2000 0
2 19 21 2000 0
3 4 6 2000 0
4 12 14 2000 0
5 9 11 2000 0
12 10 17 2000 0
13 10 21 2000 0
14 6 21 2000 0
0
1
8 9
END
3599782
0
16
41
9
0 4 21 50000 4
1 8 9 2000 0
2 20 21 2000 0
3 4 5 2000 0
4 13 14 2000 0
5 9 10 2000 0
12 10 18 2000 0
13 10 22 2000 0
14 6 22 2000 0
0
1
8 9
END
3599769
0
17
12
10
0 4 21 50000 4
1 8 9 2000 0
2 21 21 2000 0
3 4 4 2000 0
4 14 14 2000 0
5 10 10 2000 0
12 11 18 2000 0
13 10 23 2000 0
14 6 23 2000 0
16 4 21 2000 0
0
1
8 9
END
3599753
0
18
23
10
0 4 21 50000 4
1 8 9 2000 0
2 22 21 2000 0
3 4 3 2000 0
4 15 14 2000 0
5 11 10 2000 0
12 12 18 2000 0
13 10 24 2000 0
14 6 24 2000 0
16 4 22 2000 0
0
2
8 9
26 21
END
3599736
0
19
34
10
0 4 21 50000 4
1 8 9 2000 0
2 23 21 2000 0
3 5 3 2000 0
4 16 14 2000 0
5 12 10 2000 0
12 12 19 2000 0
13 10 25 2000 0
14 6 25 2000 0
16 4 23 2000 0
0
2
8 9
26 21
END
3599718
0
20
45
10
0 4 21 50000 4
1 8 9 2000 0
2 24 21 2000 0
3 6 3 2000 0
4 17 14 2000 0
5 13 10 2000 0
12 12 20 2000 0
13 10 26 2000 0
14 6 26 2000 0
16 4 24 2000 0
0
2
8 9
26 21
END
3599705
0
21
16
11
0 4 21 50000 4
1 8 9 2000 0
2 25 21 2000 0
3 7 3 2000 0
4 18 14 2000 0
5 14 10 2000 0
12 12 21 2000 0
13 10 27 2000 0
14 6 27 2000 0
16 4 25 2000 0
18 4 21 2000 0
0
2
8 9
26 21
END
3599689
0
22
28
11
0 4 21 50000 4
1 8 9 2000 0
2 26 21 2000 0
3 8 3 2000 0
4 19 14 2000 0
5 15 10 2000 0
12 13 21 2000 0
13 10 28 2000 0
14 6 28 2000 0
16 4 26 2000 0
18 5 21 2000 0
0
2
8 9
26 21
END
3599672
0
23
40
11
0 4 21 50000 4
1 8 9 2000 0
2 26 21 2000 0
3 9 3 2000 0
4 20 14 2000 0
5 16 10 2000 0
12 14 21 2000 0
13 10 29 2000 0
14 6 29 2000 0
16 4 27 2000 0
18 6 21 2000 0
0
2
8 9
26 21
END
3599655
0
24
52
11
0 4 21 50000 4
1 8 9 2000 0
2 26 21 2000 0
3 10 3 2000 0
4 21 14 2000 0
5 16 9 2000 0
12 15 21 2000 0
13 10 30 2000 0
14 6 30 2000 0
16 4 28 2000 0
18 7 21 2000 0
0
3
8 9
26 21
14 3
END
3599637
0
25
64
11
0 4 21 50000 4
1 8 9 2000 0
2 26 21 2000 0
3 11 3 2000 0
4 22 14 2000 0
5 16 8 2000 0
12 15 22 2000 0
13 10 31 2000 0
14 6 31 2000 0
16 4 29 2000 0
18 7 22 2000 0
0
3
8 9
26 21
14 3
END
3599619
0
26
76
11
0 4 21 50000 4
1 8 9 2000 0
2 26 21 2000 0
3 12 3 2000 0
4 23 14 2000 0
5 16 7 2000 0
12 15 23 2000 0
13 10 32 2000 0
14 6 32 2000 0
16 4 30 2000 0
18 8 22 2000 0
0
3
8 9
26 21
14 3
END
3599603
0
27
88
11
0 4 21 50000 4
1 8 9 2000 0
2 26 21 2000 0
3 13 3 2000 0
4 24 14 2000 0
5 17 7 2000 0
12 15 24 2000 0
13 10 33 2000 0
14 6 33 2000 0
16 4 31 2000 0
18 8 23 2000 0
0
3
8 9
26 21
14 3
END
3599585
0
28
101
11
0 4 21 50000 4
1 8 9 2000 0
2 26 21 2000 0
3 14 3 2000 0
4 25 14 2000 0
5 18 7 2000 0
12 15 25 2000 0
13 10 34 2000 0
14 6 34 2000 0
16 4 32 2000 0
18 8 24 2000 0
0
3
8 9
26 21
14 3
END
3599567
0
29
14
12
0 4 21 50000 4
1 8 9 2000 0
2 26 21 2000 0
3 14 3 2000 0
4 26 14 2000 0
5 19 7 2000 0
12 15 26 2000 0
13 10 35 2000 0
14 6 35 2000 0
16 3 32 2000 0
18 8 25 2000 0
22 26 21 20000 5
0
4
25 30
8 9
26 21
14 3
END
3599549
0
30
27
12
0 4 21 50000 4
1 8 9 2000 0
2 26 21 2000 0
3 14 3 2000 0
4 27 14 2000 0
5 20 7 2000 0
12 16 26 2000 0
13 10 36 2000 0
14 6 36 2000 0
16 3 33 2000 0
18 8 26 2000 0
22 26 21 20000 5
0
4
25 30
8 9
26 21
14 3
END
3599532
0
31
40
12
0 4 21 50000 4
1 8 9 2000 0
2 26 21 2000 0
3 14 3 2000 0
4 28 14 2000 0
5 21 7 2000 0
12 16 27 2000 0
13 10 37 2000 0
14 6 37 2000 0
16 3 34 2000 0
18 9 26 2000 0
22 26 21 20000 5
0
4
25 30
8 9
26 21
14 3
END
3599515
0
32
14
13
0 4 21 50000 4
1 8 9 2000 0
2 26 21 2000 0
3 14 3 2000 0
4 29 14 2000 0
5 22 7 2000 0
12 17 27 2000 0
13 10 38 2000 0
14 6 38 2000 0
16 3 35 2000 0
18 10 26 2000 0
22 26 21 20000 5
24 26 21 2000 0
0
4
25 30
8 9
26 21
14 3
END
3599498
0
33
28
13
0 4 21 50000 4
1 8 9 2000 0
2 26 21 2000 0
3 14 3 2000 0
4 30 14 2000 0
5 23 7 2000 0
12 17 28 2000 0
13 10 39 2000 0
14 6 39 2000 0
16 3 36 2000 0
18 11 26 2000 0
22 26 21 20000 5
24 26 21 2000 0
0
4
25 30
8 9
26 21
14 3
END
3599480
0
34
42
13
0 4 21 50000 4
1 8 9 2000 0
2 26 21 2000 0
3 14 3 2000 0
4 31 14 2000 0
5 24 7 2000 0
12 18 28 2000 0
13 10 40 2000 0
14 6 40 2000 0
16 3 37 2000 0
18 12 26 2000 0
22 26 21 20000 5
24 26 21 2000 0
0
4
25 30
8 9
26 21
14 3
END
3599463
0
35
17
14
0 4 21 50000 4
1 8 9 2000 0
2 26 21 2000 0
3 14 3 2000 0
4 32 14 2000 0
5 25 7 2000 0
12 19 28 2000 0
13 10 41 2000 0
14 6 41 2000 0
16 3 38 2000 0
18 13 26 2000 0
22 26 21 20000 5
24 26 21 2000 0
26 26 21 2000 0
0
4
25 30
8 9
26 21
14 3
END
3599440
0
36
32
14
0 4 21 50000 4
1 8 9 2000 0
2 26 21 2000 0
3 14 3 2000 0
4 33 14 2000 0
5 26 7 2000 0
12 20 28 2000 0
13 10 42 2000 0
14 6 42 2000 0
16 3 39 2000 0
18 14 26 2000 0
22 26 21 20000 5
24 26 21 2000 0
26 26 21 2000 0
0
4
25 30
8 9
26 21
14 3
END
3599417
0
37
47
14
0 4 21 50000 4
1 8 9 2000 0
2 26 21 2000 0
3 14 3 2000 0
4 34 14 2000 0
5 27 7 2000 0
12 21 28 2000 0
13 10 43 2000 0
14 6 43 2000 0
16 3 40 2000 0
18 15 26 2000 0
22 26 21 20000 5
24 26 21 2000 0
26 26 21 2000 0
0
4
25 30
8 9
26 21
14 3
END
3599399
0
38
23
15
0 4 21 50000 4
1 8 9 2000 0
2 26 21 2000 0
3 14 3 2000 0
4 35 14 2000 0
5 28 7 2000 0
12 22 28 2000 0
13 10 44 2000 0
14 6 44 2000 0
16 3 41 2000 0
18 15 27 2000 0
22 26 21 20000 5
24 26 21 2000 0
26 26 21 2000 0
28 26 21 2000 0
0
4
25 30
8 9
26 21
14 3
END
3599375
0
39
39
15
0 4 21 50000 4
1 8 9 2000 0
2 26 21 2000 0
3 14 3 2000 0
4 36 14 2000 0
5 29 7 2000 0
12 23 28 2000 0
13 10 45 2000 0
14 6 45 2000 0
16 3 42 2000 0
18 15 28 2000 0
22 26 21 20000 5
24 26 21 2000 0
26 26 21 2000 0
28 26 21 2000 0
0
4
25 30
8 9
26 21
14 3
END
3599351
0
40
55
15
0 4 21 50000 4
1 8 9 2000 0
2 26 21 2000 0
3 14 3 2000 0
4 37 14 2000 0
5 30 7 2000 0
12 24 28 2000 0
13 10 46 2000 0
14 6 46 2000 0
16 3 43 2000 0
18 15 29 2000 0
22 26 21 20000 5
24 26 21 2000 0
26 26 21 2000 0
28 26 21 2000 0
0
4
25 30
8 9
26 21
14 3
END
3599327
0
41
32
16
0 4 21 50000 4
1 8 9 2000 0
2 26 21 2000 0
3 14 3 2000 0
4 38 14 2000 0
5 31 7 2000 0
12 25 28 2000 0
13 10 47 2000 0
14 6 47 2000 0
16 3 44 2000 0
18 15 30 2000 0
22 26 21 20000 5
24 26 21 2000 0
26 26 21 2000 0
28 26 21 2000 0
30 26 21 2000 0
0
4
25 30
8 9
26 21
14 3
END
3599303
0
42
49
16
0 4 21 50000 4
1 8 9 2000 0
2 26 21 2000 0
3 14 3 2000 0
4 39 14 2000 0
5 32 7 2000 0
12 25 29 2000 0
13 10 48 2000 0
14 6 48 2000 0
16 3 45 2000 0
18 15 31 2000 0
22 26 21 20000 5
24 26 21 2000 0
26 26 21 2000 0
28 26 21 2000 0
30 26 21 2000 0
0
4
25 30
8 9
26 21
14 3
END
3599279
0
43
67
16
0 4 21 50000 4
1 8 9 2000 0
2 26 21 2000 0
3 14 3 2000 0
4 40 14 2000 0
5 33 7 2000 0
12 25 30 2000 0
13 10 49 2000 0
14 6 49 2000 0
16 3 46 2000 0
18 15 32 2000 0
22 26 21 20000 5
24 26 21 2000 0
26 26 21 2000 0
28 26 21 2000 0
30 26 21 2000 0
0
4
25 30
8 9
26 21
14 3
END
3599255
0
44
85
16
0 4 21 50000 4
1 8 9 2000 0
2 26 21 2000 0
3 14 3 2000 0
4 41 14 2000 0
5 34 7 2000 0
12 25 30 2000 0
13 10 50 2000 0
14 6 50 2000 0
16 3 47 2000 0
18 15 33 2000 0
22 26 21 20000 5
24 26 21 2000 0
26 26 21 2000 0
28 26 21 2000 0
30 26 21 2000 0
0
4
25 30
8 9
26 21
14 3
END
3599230
0
45
103
16
0 4 21 50000 4
1 8 9 2000 0
2 26 21 2000 0
3 14 3 2000 0
4 42 14 2000 0
5 35 7 2000 0
12 25 30 2000 0
13 10 51 2000 0
14 6 51 2000 0
16 3 48 2000 0
18 16 33 2000 0
22 26 21 20000 5
24 26 21 2000 0
26 26 21 2000 0
28 26 21 2000 0
30 26 21 2000 0
0
4
25 30
8 9
26 21
14 3
END
3599201
0
46
21
17
0 4 21 50000 4
1 8 9 2000 0
2 26 21 2000 0
3 14 3 2000 0
4 43 14 2000 0
5 36 7 2000 0
12 25 30 2000 0
13 10 52 2000 0
14 6 52 2000 0
16 3 49 2000 0
18 16 34 2000 0
22 26 21 20000 5
24 26 21 2000 0
26 26 21 2000 0
28 26 21 2000 0
30 26 21 2000 0
31 25 30 20000 5
0
5
25 30
29 32
8 9
26 21
14 3
END
3599177
0
47
39
17
0 4 21 50000 4
1 8 9 2000 0
2 26 21 2000 0
3 14 3 2000 0
4 44 14 2000 0
5 37 7 2000 0
12 25 30 2000 0
13 10 53 2000 0
14 6 53 2000 0
16 3 50 2000 0
18 16 35 2000 0
22 26 21 20000 5
24 26 21 2000 0
26 26 21 2000 0
28 26 21 2000 0
30 26 21 2000 0
31 25 30 20000 5
0
5
25 30
29 32
8 9
26 21
14 3
END
3599153
0
48
57
17
0 4 21 50000 4
1 8 9 2000 0
2 26 21 2000 0
3 14 3 2000 0
4 45 14 2000 0
5 38 7 2000 0
12 25 30 2000 0
13 10 54 2000 0
14 6 54 2000 0
16 3 51 2000 0
18 16 36 2000 0
22 26 21 20000 5
24 26 21 2000 0
26 26 21 2000 0
28 26 21 2000 0
30 26 21 2000 0
31 25 30 20000 5
0
5
25 30
29 32
8 9
26 21
14 3
END
3599128
0
49
36
18
0 4 21 50000 4
1 8 9 2000 0
2 26 21 2000 0
3 14 3 2000 0
4 46 14 2000 0
5 39 7 2000 0
12 25 30 2000 0
13 10 55 2000 0
14 6 55 2000 0
16 3 52 2000 0
18 16 37 2000 0
22 26 21 20000 5
24 26 21 2000 0
26 26 21 2000 0
28 26 21 2000 0
30 26 21 2000 0
31 25 30 20000 5
34 25 30 2000 0
0
5
25 30
29 32
8 9
26 21
14 3
END
3599098
0
50
55
18
0 4 21 50000 4
1 8 9 2000 0
2 26 21 2000 0
3 14 3 2000 0
4 47 14 2000 0
5 40 7 2000 0
12 25 30 2000 0
13 10 56 2000 0
14 6 56 2000 0
16 3 53 2000 0
18 16 38 2000 0
22 26 21 20000 5
24 26 21 2000 0
26 26 21 2000 0
28 26 21 2000 0
30 26 21 2000 0
31 25 30 20000 5
34 25 30 2000 0
0
5
25 30
29 32
8 9
26 21
14 3
END
3599073
0
51
35
19
0 4 21 50000 4
1 8 9 2000 0
2 26 21 2000 0
3 14 3 2000 0
4 48 14 2000 0
5 41 7 2000 0
12 25 30 2000 0
13 10 57 2000 0
14 6 57 2000 0
16 3 54 2000 0
18 16 39 2000 0
22 26 21 20000 5
24 26 21 2000 0
26 26 21 2000 0
28 26 21 2000 0
30 26 21 2000 0
31 25 30 20000 5
34 25 30 2000 0
36 25 30 2000 0
0
5
25 30
29 32
8 9
26 21
14 3
END
3599048
0
52
55
19
0 4 21 50000 4
1 8 9 2000 0
2 26 21 2000 0
3 14 3 2000 0
4 49 14 2000 0
5 42 7 2000 0
12 25 30 2000 0
13 10 58 2000 0
14 6 58 2000 0
16 3 55 2000 0
18 16 40 2000 0
22 26 21 20000 5
24 26 21 2000 0
26 26 21 2000 0
28 26 21 2000 0
30 26 21 2000 0
31 25 30 20000 5
34 25 30 2000 0
36 25 30 2000 0
0
5
25 30
29 32
8 9
26 21
14 3
END
3599024
0
53
36
20
0 4 21 50000 4
1 8 9 2000 0
2 26 21 2000 0
3 14 3 2000 0
4 50 14 2000 0
5 43 7 2000 0
12 25 30 2000 0
13 10 59 2000 0
14 6 59 2000 0
16 3 56 2000 0
18 16 41 2000 0
22 26 21 20000 5
24 26 21 2000 0
26 26 21 2000 0
28 26 21 2000 0
30 26 21 2000 0
31 25 30 20000 5
34 25 30 2000 0
36 25 30 2000 0
38 25 30 2000 0
0
5
25 30
29 32
8 9
26 21
14 3
END
3598995
0
54
57
20
0 4 21 50000 4
1 8 9 2000 0
2 26 21 2000 0
3 14 3 2000 0
4 51 14 2000 0
5 44 7 2000 0
12 25 30 2000 0
13 10 60 2000 0
14 6 60 2000 0
16 3 57 2000 0
18 17 41 2000 0
22 26 21 20000 5
24 26 21 2000 0
26 26 21 2000 0
28 26 21 2000 0
30 26 21 2000 0
31 25 30 20000 5
34 25 30 2000 0
36 25 30 2000 0
38 25 30 2000 0
0
5
25 30
29 32
8 9
26 21
14 3
END
3598964
0
55
39
21
0 4 21 50000 4
1 8 9 2000 0
2 26 21 2000 0
3 14 3 2000 0
4 52 14 2000 0
5 45 7 2000 0
12 25 30 2000 0
13 10 61 2000 0
14 6 61 2000 0
16 3 58 2000 0
18 18 41 2000 0
22 26 21 20000 5
24 26 21 2000 0
26 26 21 2000 0
28 26 21 2000 0
30 26 21 2000 0
31 25 30 20000 5
34 25 30 2000 0
36 25 30 2000 0
38 25 30 2000 0
40 25 30 2000 0
0
5
25 30
29 32
8 9
26 21
14 3
END
3598934
0
56
61
21
0 4 21 50000 4
1 8 9 2000 0
2 26 21 2000 0
3 14 3 2000 0
4 53 14 2000 0
5 46 7 2000 0
12 25 30 2000 0
13 10 62 2000 0
14 6 62 2000 0
16 3 59 2000 0
18 19 41 2000 0
22 26 21 20000 5
24 26 21 2000 0
26 26 21 2000 0
28 26 21 2000 0
30 26 21 2000 0
31 25 30 20000 5
34 25 30 2000 0
36 25 30 2000 0
38 25 30 2000 0
40 25 30 2000 0
0
6
25 30
29 32
48 5
8 9
26 21
14 3
END
3598904
0
57
83
21
0 4 21 50000 4
1 8 9 2000 0
2 26 21 2000 0
3 14 3 2000 0
4 54 14 2000 0
5 47 7 2000 0
12 25 30 2000 0
13 10 63 2000 0
14 6 63 2000 0
16 3 60 2000 0
18 20 41 2000 0
22 26 21 20000 5
24 26 21 2000 0
26 26 21 2000 0
28 26 21 2000 0
30 26 21 2000 0
31 25 30 20000 5
34 25 30 2000 0
36 25 30 2000 0
38 25 30 2000 0
40 25 30 2000 0
0
6
25 30
29 32
48 5
8 9
26 21
14 3
END
3598873
0
58
105
21
0 4 21 50000 4
1 8 9 2000 0
2 26 21 2000 0
3 14 3 2000 0
4 55 14 2000 0
5 48 7 2000 0
12 25 30 2000 0
13 10 64 2000 0
14 6 64 2000 0
16 3 61 2000 0
18 21 41 2000 0
22 26 21 20000 5
24 26 21 2000 0
26 26 21 2000 0
28 26 21 2000 0
30 26 21 2000 0
31 25 30 20000 5
34 25 30 2000 0
36 25 30 2000 0
38 25 30 2000 0
40 25 30 2000 0
0
6
25 30
29 32
48 5
8 9
26 21
14 3
END
3598845
0
59
27
22
0 4 21 50000 4
1 8 9 2000 0
2 26 21 2000 0
3 14 3 2000 0
4 56 14 2000 0
5 48 6 2000 0
12 25 30 2000 0
13 10 65 2000 0
14 6 65 2000 0
16 3 62 2000 0
18 21 42 2000 0
22 26 21 20000 5
24 26 21 2000 0
26 26 21 2000 0
28 26 21 2000 0
30 26 21 2000 0
31 25 30 20000 5
34 25 30 2000 0
36 25 30 2000 0
38 25 30 2000 0
40 25 30 2000 0
41 8 9 20000 5
0
6
25 30
29 32
48 5
8 9
26 21
14 3
END
3598813
0
60
50
22
0 4 21 50000 4
1 8 9 2000 0
2 26 21 2000 0
3 14 3 2000 0
4 57 14 2000 0
5 48 5 2000 0
12 25 30 2000 0
13 10 66 2000 0
14 6 66 2000 0
16 3 63 2000 0
18 21 43 2000 0
22 26 21 20000 5
24 26 21 2000 0
26 26 21 2000 0
28 26 21 2000 0
30 26 21 2000 0
31 25 30 20000 5
34 25 30 2000 0
36 25 30 2000 0
38 25 30 2000 0
40 25 30 2000 0
41 8 9 20000 5
0
6
25 30
29 32
48 5
8 9
26 21
14 3
END
3598783
0
61
34
23
0 4 21 50000 4
1 8 9 2000 0
2 26 21 2000 0
3 14 3 2000 0
4 58 14 2000 0
5 48 5 2000 0
12 25 30 2000 0
13 10 67 2000 0
14 6 67 2000 0
16 3 64 2000 0
18 21 44 2000 0
22 26 21 20000 5
24 26 21 2000 0
26 26 21 2000 0
28 26 21 2000 0
30 26 21 2000 0
31 25 30 20000 5
34 25 30 2000 0
36 25 30 2000 0
38 25 30 2000 0
40 25 30 2000 0
41 8 9 20000 5
43 8 9 2000 0
0
6
25 30
29 32
48 5
8 9
26 21
14 3
END
3598753
0
62
58
23
0 4 21 50000 4
1 8 9 2000 0
2 26 21 2000 0
3 14 3 2000 0
4 59 14 2000 0
5 48 5 2000 0
12 25 30 2000 0
13 10 68 2000 0
14 6 68 2000 0
16 3 65 2000 0
18 21 45 2000 0
22 26 21 20000 5
24 26 21 2000 0
26 26 21 2000 0
28 26 21 2000 0
30 26 21 2000 0
31 25 30 20000 5
34 25 30 2000 0
36 25 30 2000 0
38 25 30 2000 0
40 25 30 2000 0
41 8 9 20000 5
43 8 9 2000 0
0
6
25 30
29 32
48 5
8 9
26 21
14 3
END
3598724
0
63
43
24
0 4 21 50000 4
1 8 9 2000 0
2 26 21 2000 0
3 14 3 2000 0
4 60 14 2000 0
5 48 5 2000 0
12 25 30 2000 0
13 10 69 2000 0
14 6 69 2000 0
16 3 66 2000 0
18 21 46 2000 0
22 26 21 20000 5
24 26 21 2000 0
26 26 21 2000 0
28 26 21 2000 0
30 26 21 2000 0
31 25 30 20000 5
34 25 30 2000 0
36 25 30 2000 0
38 25 30 2000 0
40 25 30 2000 0
41 8 9 20000 5
43 8 9 2000 0
46 8 9 2000 0
0
6
25 30
29 32
48 5
8 9
26 21
14 3
END
3598688
0
64
29
25
0 4 21 50000 4
1 8 9 2000 0
2 26 21 2000 0
3 14 3 2000 0
4 61 14 2000 0
5 48 5 2000 0
12 25 30 2000 0
13 10 70 2000 0
14 6 70 2000 0
16 3 67 2000 0
18 21 47 2000 0
22 26 21 20000 5
24 26 21 2000 0
26 26 21 2000 0
28 26 21 2000 0
30 26 21 2000 0
31 25 30 20000 5
34 25 30 2000 0
36 25 30 2000 0
38 25 30 2000 0
40 25 30 2000 0
41 8 9 20000 5
43 8 9 2000 0
46 8 9 2000 0
47 8 9 2000 0
0
6
25 30
29 32
48 5
8 9
26 21
14 3
END
3598657
0
65
55
25
0 4 21 50000 4
1 8 9 2000 0
2 26 21 2000 0
3 14 3 2000 0
4 62 14 2000 0
5 48 5 2000 0
12 25 30 2000 0
13 10 71 2000 0
14 6 71 2000 0
16 3 68 2000 0
18 21 48 2000 0
22 26 21 20000 5
24 26 21 2000 0
26 26 21 2000 0
28 26 21 2000 0
30 26 21 2000 0
31 25 30 20000 5
34 25 30 2000 0
36 25 30 2000 0
38 25 30 2000 0
40 25 30 2000 0
41 8 9 20000 5
43 8 9 2000 0
46 8 9 2000 0
47 8 9 2000 0
0
6
25 30
29 32
48 5
8 9
26 21
14 3
END
3598627
0
66
42
26
0 4 21 50000 4
1 8 9 2000 0
2 26 21 2000 0
3 14 3 2000 0
4 63 14 2000 0
5 48 5 2000 0
12 25 30 2000 0
13 10 72 2000 0
14 6 72 2000 0
16 3 69 2000 0
18 21 49 2000 0
22 26 21 20000 5
24 26 21 2000 0
26 26 21 2000 0
28 26 21 2000 0
30 26 21 2000 0
31 25 30 20000 5
34 25 30 2000 0
36 25 30 2000 0
38 25 30 2000 0
40 25 30 2000 0
41 8 9 20000 5
43 8 9 2000 0
46 8 9 2000 0
47 8 9 2000 0
49 8 9 2000 0
0
6
25 30
29 32
48 5
8 9
26 21
14 3
END
3598592
0
67
69
26
0 4 21 50000 4
1 8 9 2000 0
2 26 21 2000 0
3 14 3 2000 0
4 64 14 2000 0
5 48 5 2000 0
12 25 30 2000 0
13 10 73 2000 0
14 6 73 2000 0
16 3 70 2000 0
18 21 50 2000 0
22 26 21 20000 5
24 26 21 2000 0
26 26 21 2000 0
28 26 21 2000 0
30 26 21 2000 0
31 25 30 20000 5
34 25 30 2000 0
36 25 30 2000 0
38 25 30 2000 0
40 25 30 2000 0
41 8 9 20000 5
43 8 9 2000 0
46 8 9 2000 0
47 8 9 2000 0
49 8 9 2000 0
0
6
25 30
29 32
48 5
8 9
26 21
14 3
END
3598557
0
68
96
26
0 4 21 50000 4
1 8 9 2000 0
2 26 21 2000 0
3 14 3 2000 0
4 65 14 2000 0
5 48 5 2000 0
12 25 30 2000 0
13 10 74 2000 0
14 6 74 2000 0
16 3 71 2000 0
18 21 51 2000 0
22 26 21 20000 5
24 26 21 2000 0
26 26 21 2000 0
28 26 21 2000 0
30 26 21 2000 0
31 25 30 20000 5
34 25 30 2000 0
36 25 30 2000 0
38 25 30 2000 0
40 25 30 2000 0
41 8 9 20000 5
43 8 9 2000 0
46 8 9 2000 0
47 8 9 2000 0
49 8 9 2000 0
0
6
25 30
29 32
48 5
8 9
26 21
14 3
END
3598525
0
69
123
26
0 4 21 50000 4
1 8 9 2000 0
2 26 21 2000 0
3 14 3 2000 0
4 66 14 2000 0
5 48 5 2000 0
12 25 30 2000 0
13 10 75 2000 0
14 6 75 2000 0
16 3 72 2000 0
18 21 52 2000 0
22 26 21 20000 5
24 26 21 2000 0
26 26 21 2000 0
28 26 21 2000 0
30 26 21 2000 0
31 25 30 20000 5
34 25 30 2000 0
36 25 30 2000 0
38 25 30 2000 0
40 25 30 2000 0
41 8 9 20000 5
43 8 9 2000 0
46 8 9 2000 0
47 8 9 2000 0
49 8 9 2000 0
0
6
25 30
29 32
48 5
8 9
26 21
14 3
END
3598494
0
70
50
27
0 4 21 50000 4
1 8 9 2000 0
2 26 21 2000 0
3 14 3 2000 0
4 67 14 2000 0
5 48 5 2000 0
12 25 30 2000 0
13 10 76 2000 0
14 6 76 2000 0
16 3 73 2000 0
18 21 53 2000 0
22 26 21 20000 5
24 26 21 2000 0
26 26 21 2000 0
28 26 21 2000 0
30 26 21 2000 0
31 25 30 20000 5
34 25 30 2000 0
36 25 30 2000 0
38 25 30 2000 0
40 25 30 2000 0
41 8 9 20000 5
43 8 9 2000 0
46 8 9 2000 0
47 8 9 2000 0
49 8 9 2000 0
51 48 5 20000 5
0
6
25 30
29 32
48 5
8 9
26 21
14 3
END
3598458
0
71
38
28
0 4 21 50000 4
1 8 9 2000 0
2 26 21 2000 0
3 14 3 2000 0
4 68 14 2000 0
5 48 5 2000 0
12 25 30 2000 0
13 10 77 2000 0
14 6 77 2000 0
16 3 74 2000 0
18 21 54 2000 0
22 26 21 20000 5
24 26 21 2000 0
26 26 21 2000 0
28 26 21 2000 0
30 26 21 2000 0
31 25 30 20000 5
34 25 30 2000 0
36 25 30 2000 0
38 25 30 2000 0
40 25 30 2000 0
41 8 9 20000 5
43 8 9 2000 0
46 8 9 2000 0
47 8 9 2000 0
49 8 9 2000 0
51 48 5 20000 5
53 48 5 2000 0
0
6
25 30
29 32
48 5
8 9
26 21
14 3
END
3598420
0
72
66
28
0 4 21 50000 4
1 8 9 2000 0
2 26 21 2000 0
3 14 3 2000 0
4 69 14 2000 0
5 48 5 2000 0
12 25 30 2000 0
13 10 78 2000 0
14 6 78 2000 0
16 3 75 2000 0
18 21 55 2000 0
22 26 21 20000 5
24 26 21 2000 0
26 26 21 2000 0
28 26 21 2000 0
30 26 21 2000 0
31 25 30 20000 5
34 25 30 2000 0
36 25 30 2000 0
38 25 30 2000 0
40 25 30 2000 0
41 8 9 20000 5
43 8 9 2000 0
46 8 9 2000 0
47 8 9 2000 0
49 8 9 2000 0
51 48 5 20000 5
53 48 5 2000 0
0
6
25 30
29 32
48 5
8 9
26 21
14 3
END
3598383
0
73
55
29
0 4 21 50000 4
1 8 9 2000 0
2 26 21 2000 0
3 14 3 2000 0
4 70 14 2000 0
5 48 5 2000 0
12 25 30 2000 0
13 10 79 2000 0
14 6 79 2000 0
16 3 76 2000 0
18 21 56 2000 0
22 26 21 20000 5
24 26 21 2000 0
26 26 21 2000 0
28 26 21 2000 0
30 26 21 2000 0
31 25 30 20000 5
34 25 30 2000 0
36 25 30 2000 0
38 25 30 2000 0
40 25 30 2000 0
41 8 9 20000 5
43 8 9 2000 0
46 8 9 2000 0
47 8 9 2000 0
49 8 9 2000 0
51 48 5 20000 5
53 48 5 2000 0
56 48 5 2000 0
0
6
25 30
29 32
48 5
8 9
26 21
14 3
END
3598348
0
74
45
30
0 4 21 50000 4
1 8 9 2000 0
2 26 21 2000 0
3 14 3 2000 0
4 71 14 2000 0
5 48 5 2000 0
12 25 30 2000 0
13 10 80 2000 0
14 6 80 2000 0
16 3 77 2000 0
18 21 57 2000 0
22 26 21 20000 5
24 26 21 2000 0
26 26 21 2000 0
28 26 21 2000 0
30 26 21 2000 0
31 25 30 20000 5
34 25 30 2000 0
36 25 30 2000 0
38 25 30 2000 0
40 25 30 2000 0
41 8 9 20000 5
43 8 9 2000 0
46 8 9 2000 0
47 8 9 2000 0
49 8 9 2000 0
51 48 5 20000 5
53 48 5 2000 0
56 48 5 2000 0
57 48 5 2000 0
0
6
25 30
29 32
48 5
8 9
26 21
14 3
END
3598307
0
75
36
31
0 4 21 50000 4
1 8 9 2000 0
2 26 21 2000 0
3 14 3 2000 0
4 72 14 2000 0
5 48 5 2000 0
12 25 30 2000 0
13 10 81 2000 0
14 6 81 2000 0
16 3 78 2000 0
18 21 58 2000 0
22 26 21 20000 5
24 26 21 2000 0
26 26 21 2000 0
28 26 21 2000 0
30 26 21 2000 0
31 25 30 20000 5
34 25 30 2000 0
36 25 30 2000 0
38 25 30 2000 0
40 25 30 2000 0
41 8 9 20000 5
43 8 9 2000 0
46 8 9 2000 0
47 8 9 2000 0
49 8 9 2000 0
51 48 5 20000 5
53 48 5 2000 0
56 48 5 2000 0
57 48 5 2000 0
59 48 5 2000 0
0
6
25 30
29 32
48 5
8 9
26 21
14 3
END
3598267
0
76
67
31
0 4 21 50000 4
1 8 9 2000 0
2 26 21 2000 0
3 14 3 2000 0
4 73 14 2000 0
5 48 5 2000 0
12 25 30 2000 0
13 10 82 2000 0
14 6 82 2000 0
16 3 79 2000 0
18 21 59 2000 0
22 26 21 20000 5
24 26 21 2000 0
26 26 21 2000 0
28 26 21 2000 0
30 26 21 2000 0
31 25 30 20000 5
34 25 30 2000 0
36 25 30 2000 0
38 25 30 2000 0
40 25 30 2000 0
41 8 9 20000 5
43 8 9 2000 0
46 8 9 2000 0
47 8 9 2000 0
49 8 9 2000 0
51 48 5 20000 5
53 48 5 2000 0
56 48 5 2000 0
57 48 5 2000 0
59 48 5 2000 0
0
6
25 30
29 32
48 5
8 9
26 21
14 3
END
3598227
0
77
98
31
0 4 21 50000 4
1 8 9 2000 0
2 26 21 2000 0
3 14 3 2000 0
4 74 14 2000 0
5 48 5 2000 0
12 25 30 2000 0
13 10 83 2000 0
14 6 83 2000 0
16 3 80 2000 0
18 21 60 2000 0
22 26 21 20000 5
24 26 21 2000 0
26 26 21 2000 0
28 26 21 2000 0
30 26 21 2000 0
31 25 30 20000 5
34 25 30 2000 0
36 25 30 2000 0
38 25 30 2000 0
40 25 30 2000 0
41 8 9 20000 5
43 8 9 2000 0
46 8 9 2000 0
47 8 9 2000 0
49 8 9 2000 0
51 48 5 20000 5
53 48 5 2000 0
56 48 5 2000 0
57 48 5 2000 0
59 48 5 2000 0
0
6
25 30
29 32
48 5
8 9
26 21
14 3
END
3598186
0
78
129
31
0 4 21 50000 4
1 8 9 2000 0
2 26 21 2000 0
3 14 3 2000 0
4 75 14 2000 0
5 48 5 2000 0
12 25 30 2000 0
13 10 84 2000 0
14 6 84 2000 0
16 3 81 2000 0
18 21 61 2000 0
22 26 21 20000 5
24 26 21 2000 0
26 26 21 2000 0
28 26 21 2000 0
30 26 21 2000 0
31 25 30 20000 5
34 25 30 2000 0
36 25 30 2000 0
38 25 30 2000 0
40 25 30 2000 0
41 8 9 20000 5
43 8 9 2000 0
46 8 9 2000 0
47 8 9 2000 0
49 8 9 2000 0
51 48 5 20000 5
53 48 5 2000 0
56 48 5 2000 0
57 48 5 2000 0
59 48 5 2000 0
0
6
25 30
29 32
48 5
8 9
26 21
14 3
END
3598144
0
79
60
32
0 4 21 50000 4
1 8 9 2000 0
2 26 21 2000 0
3 14 3 2000 0
4 76 14 2000 0
5 48 5 2000 0
12 25 30 2000 0
13 10 85 2000 0
14 6 85 2000 0
16 3 82 2000 0
18 21 62 2000 0
22 26 21 20000 5
24 26 21 2000 0
26 26 21 2000 0
28 26 21 2000 0
30 26 21 2000 0
31 25 30 20000 5
34 25 30 2000 0
36 25 30 2000 0
38 25 30 2000 0
40 25 30 2000 0
41 8 9 20000 5
43 8 9 2000 0
46 8 9 2000 0
47 8 9 2000 0
49 8 9 2000 0
51 48 5 20000 5
53 48 5 2000 0
56 48 5 2000 0
57 48 5 2000 0
59 48 5 2000 0
61 14 3 20000 5
0
6
25 30
29 32
48 5
8 9
26 21
14 3
END
3598098
0
80
52
33
0 4 21 50000 4
1 8 9 2000 0
2 26 21 2000 0
3 14 3 2000 0
4 77 14 2000 0
5 48 5 2000 0
12 25 30 2000 0
13 10 86 2000 0
14 6 86 2000 0
16 3 83 2000 0
18 21 63 2000 0
22 26 21 20000 5
24 26 21 2000 0
26 26 21 2000 0
28 26 21 2000 0
30 26 21 2000 0
31 25 30 20000 5
34 25 30 2000 0
36 25 30 2000 0
38 25 30 2000 0
40 25 30 2000 0
41 8 9 20000 5
43 8 9 2000 0
46 8 9 2000 0
47 8 9 2000 0
49 8 9 2000 0
51 48 5 20000 5
53 48 5 2000 0
56 48 5 2000 0
57 48 5 2000 0
59 48 5 2000 0
61 14 3 20000 5
63 14 3 2000 0
0
6
25 30
29 32
48 5
8 9
26 21
14 3
END
3598055
0
81
45
34
0 4 21 50000 4
1 8 9 2000 0
2 26 21 2000 0
3 14 3 2000 0
4 78 14 2000 0
5 48 5 2000 0
12 25 30 2000 0
13 10 87 2000 0
14 6 87 2000 0
16 3 84 2000 0
18 21 64 2000 0
22 26 21 20000 5
24 26 21 2000 0
26 26 21 2000 0
28 26 21 2000 0
30 26 21 2000 0
31 25 30 20000 5
34 25 30 2000 0
36 25 30 2000 0
38 25 30 2000 0
40 25 30 2000 0
41 8 9 20000 5
43 8 9 2000 0
46 8 9 2000 0
47 8 9 2000 0
49 8 9 2000 0
51 48 5 20000 5
53 48 5 2000 0
56 48 5 2000 0
57 48 5 2000 0
59 48 5 2000 0
61 14 3 20000 5
63 14 3 2000 0
64 14 3 2000 0
0
6
25 30
29 32
48 5
8 9
26 21
14 3
END
3598007
0
82
39
35
0 4 21 50000 4
1 8 9 2000 0
2 26 21 2000 0
3 14 3 2000 0
4 79 14 2000 0
5 48 5 2000 0
12 25 30 2000 0
13 10 88 2000 0
14 6 88 2000 0
16 3 85 2000 0
18 21 65 2000 0
22 26 21 20000 5
24 26 21 2000 0
26 26 21 2000 0
28 26 21 2000 0
30 26 21 2000 0
31 25 30 20000 5
34 25 30 2000 0
36 25 30 2000 0
38 25 30 2000 0
40 25 30 2000 0
41 8 9 20000 5
43 8 9 2000 0
46 8 9 2000 0
47 8 9 2000 0
49 8 9 2000 0
51 48 5 20000 5
53 48 5 2000 0
56 48 5 2000 0
57 48 5 2000 0
59 48 5 2000 0
61 14 3 20000 5
63 14 3 2000 0
64 14 3 2000 0
65 14 3 2000 0
0
7
25 30
29 32
48 5
8 9
26 21
1 87
14 3
END
3597965
0
83
73
35
0 4 21 50000 4
1 8 9 2000 0
2 26 21 2000 0
3 14 3 2000 0
4 80 14 2000 0
5 48 5 2000 0
12 25 30 2000 0
13 10 89 2000 0
14 6 89 2000 0
16 2 85 2000 0
18 21 66 2000 0
22 26 21 20000 5
24 26 21 2000 0
26 26 21 2000 0
28 26 21 2000 0
30 26 21 2000 0
31 25 30 20000 5
34 25 30 2000 0
36 25 30 2000 0
38 25 30 2000 0
40 25 30 2000 0
41 8 9 20000 5
43 8 9 2000 0
46 8 9 2000 0
47 8 9 2000 0
49 8 9 2000 0
51 48 5 20000 5
53 48 5 2000 0
56 48 5 2000 0
57 48 5 2000 0
59 48 5 2000 0
61 14 3 20000 5
63 14 3 2000 0
64 14 3 2000 0
65 14 3 2000 0
0
7
25 30
29 32
48 5
8 9
26 21
1 87
14 3
END
3597924
0
84
68
36
0 4 21 50000 4
1 8 9 2000 0
2 26 21 2000 0
3 14 3 2000 0
4 81 14 2000 0
5 48 5 2000 0
12 25 30 2000 0
13 10 90 2000 0
14 6 90 2000 0
16 1 85 2000 0
18 21 67 2000 0
22 26 21 20000 5
24 26 21 2000 0
26 26 21 2000 0
28 26 21 2000 0
30 26 21 2000 0
31 25 30 20000 5
34 25 30 2000 0
36 25 30 2000 0
38 25 30 2000 0
40 25 30 2000 0
41 8 9 20000 5
43 8 9 2000 0
46 8 9 2000 0
47 8 9 2000 0
49 8 9 2000 0
51 48 5 20000 5
53 48 5 2000 0
56 48 5 2000 0
57 48 5 2000 0
59 48 5 2000 0
61 14 3 20000 5
63 14 3 2000 0
64 14 3 2000 0
65 14 3 2000 0
66 14 3 2000 0
0
7
25 30
29 32
48 5
8 9
26 21
1 87
14 3
END
3597880
0
85
103
36
0 4 21 50000 4
1 8 9 2000 0
2 26 21 2000 0
3 14 3 2000 0
4 82 14 2000 0
5 48 5 2000 0
12 25 30 2000 0
13 10 91 2000 0
14 6 91 2000 0
16 1 86 2000 0
18 21 68 2000 0
22 26 21 20000 5
24 26 21 2000 0
26 26 21 2000 0
28 26 21 2000 0
30 26 21 2000 0
31 25 30 20000 5
34 25 30 2000 0
36 25 30 2000 0
38 25 30 2000 0
40 25 30 2000 0
41 8 9 20000 5
43 8 9 2000 0
46 8 9 2000 0
47 8 9 2000 0
49 8 9 2000 0
51 48 5 20000 5
53 48 5 2000 0
56 48 5 2000 0
57 48 5 2000 0
59 48 5 2000 0
61 14 3 20000 5
63 14 3 2000 0
64 14 3 2000 0
65 14 3 2000 0
66 14 3 2000 0
0
7
25 30
29 32
48 5
8 9
26 21
1 87
14 3
END
3597831
0
86
139
36
0 4 21 50000 4
1 8 9 2000 0
2 26 21 2000 0
3 14 3 2000 0
4 83 14 2000 0
5 48 5 2000 0
12 25 30 2000 0
13 10 92 2000 0
14 6 92 2000 0
16 1 87 2000 0
18 21 69 2000 0
22 26 21 20000 5
24 26 21 2000 0
26 26 21 2000 0
28 26 21 2000 0
30 26 21 2000 0
31 25 30 20000 5
34 25 30 2000 0
36 25 30 2000 0
38 25 30 2000 0
40 25 30 2000 0
41 8 9 20000 5
43 8 9 2000 0
46 8 9 2000 0
47 8 9 2000 0
49 8 9 2000 0
51 48 5 20000 5
53 48 5 2000 0
56 48 5 2000 0
57 48 5 2000 0
59 48 5 2000 0
61 14 3 20000 5
63 14 3 2000 0
64 14 3 2000 0
65 14 3 2000 0
66 14 3 2000 0
0
7
25 30
29 32
48 5
8 9
26 21
1 87
14 3
END
3597785
0
87
75
37
0 4 21 50000 4
1 8 9 2000 0
2 26 21 2000 0
3 14 3 2000 0
4 84 14 2000 0
5 48 5 2000 0
12 25 30 2000 0
13 10 93 2000 0
14 6 93 2000 0
16 1 87 2000 0
18 21 70 2000 0
22 26 21 20000 5
24 26 21 2000 0
26 26 21 2000 0
28 26 21 2000 0
30 26 21 2000 0
31 25 30 20000 5
34 25 30 2000 0
36 25 30 2000 0
38 25 30 2000 0
40 25 30 2000 0
41 8 9 20000 5
43 8 9 2000 0
46 8 9 2000 0
47 8 9 2000 0
49 8 9 2000 0
51 48 5 20000 5
53 48 5 2000 0
56 48 5 2000 0
57 48 5 2000 0
59 48 5 2000 0
61 14 3 20000 5
63 14 3 2000 0
64 14 3 2000 0
65 14 3 2000 0
66 14 3 2000 0
68 1 87 20000 5
0
7
25 30
29 32
48 5
8 9
26 21
1 87
14 3
END
3597738
0
88
72
38
0 4 21 50000 4
1 8 9 2000 0
2 26 21 2000 0
3 14 3 2000 0
4 85 14 2000 0
5 48 5 2000 0
12 25 30 2000 0
13 10 94 2000 0
14 6 94 2000 0
16 1 87 2000 0
18 21 71 2000 0
22 26 21 20000 5
24 26 21 2000 0
26 26 21 2000 0
28 26 21 2000 0
30 26 21 2000 0
31 25 30 20000 5
34 25 30 2000 0
36 25 30 2000 0
38 25 30 2000 0
40 25 30 2000 0
41 8 9 20000 5
43 8 9 2000 0
46 8 9 2000 0
47 8 9 2000 0
49 8 9 2000 0
51 48 5 20000 5
53 48 5 2000 0
56 48 5 2000 0
57 48 5 2000 0
59 48 5 2000 0
61 14 3 20000 5
63 14 3 2000 0
64 14 3 2000 0
65 14 3 2000 0
66 14 3 2000 0
68 1 87 20000 5
69 1 87 2000 0
0
7
25 30
29 32
48 5
8 9
26 21
1 87
14 3
END
3597692
0
89
70
39
0 4 21 50000 4
1 8 9 2000 0
2 26 21 2000 0
3 14 3 2000 0
4 86 14 2000 0
5 48 5 2000 0
12 25 30 2000 0
13 10 95 2000 0
14 6 95 2000 0
16 1 87 2000 0
18 21 72 2000 0
22 26 21 20000 5
24 26 21 2000 0
26 26 21 2000 0
28 26 21 2000 0
30 26 21 2000 0
31 25 30 20000 5
34 25 30 2000 0
36 25 30 2000 0
38 25 30 2000 0
40 25 30 2000 0
41 8 9 20000 5
43 8 9 2000 0
46 8 9 2000 0
47 8 9 2000 0
49 8 9 2000 0
51 48 5 20000 5
53 48 5 2000 0
56 48 5 2000 0
57 48 5 2000 0
59 48 5 2000 0
61 14 3 20000 5
63 14 3 2000 0
64 14 3 2000 0
65 14 3 2000 0
66 14 3 2000 0
68 1 87 20000 5
69 1 87 2000 0
70 1 87 2000 0
0
7
25 30
29 32
48 5
8 9
26 21
1 87
14 3
END
3597645
0
90
69
40
0 4 21 50000 4
1 8 9 2000 0
2 26 21 2000 0
3 14 3 2000 0
4 87 14 2000 0
5 48 5 2000 0
12 25 30 2000 0
13 11 95 2000 0
14 6 96 2000 0
16 1 87 2000 0
18 21 73 2000 0
22 26 21 20000 5
24 26 21 2000 0
26 26 21 2000 0
28 26 21 2000 0
30 26 21 2000 0
31 25 30 20000 5
34 25 30 2000 0
36 25 30 2000 0
38 25 30 2000 0
40 25 30 2000 0
41 8 9 20000 5
43 8 9 2000 0
46 8 9 2000 0
47 8 9 2000 0
49 8 9 2000 0
51 48 5 20000 5
53 48 5 2000 0
56 48 5 2000 0
57 48 5 2000 0
59 48 5 2000 0
61 14 3 20000 5
63 14 3 2000 0
64 14 3 2000 0
65 14 3 2000 0
66 14 3 2000 0
68 1 87 20000 5
69 1 87 2000 0
70 1 87 2000 0
71 1 87 2000 0
0
7
25 30
29 32
48 5
8 9
26 21
1 87
14 3
END
3597596
0
91
69
41
0 4 21 50000 4
1 8 9 2000 0
2 26 21 2000 0
3 14 3 2000 0
4 88 14 2000 0
5 48 5 2000 0
12 25 30 2000 0
13 12 95 2000 0
14 6 97 2000 0
16 1 87 2000 0
18 21 74 2000 0
22 26 21 20000 5
24 26 21 2000 0
26 26 21 2000 0
28 26 21 2000 0
30 26 21 2000 0
31 25 30 20000 5
34 25 30 2000 0
36 25 30 2000 0
38 25 30 2000 0
40 25 30 2000 0
41 8 9 20000 5
43 8 9 2000 0
46 8 9 2000 0
47 8 9 2000 0
49 8 9 2000 0
51 48 5 20000 5
53 48 5 2000 0
56 48 5 2000 0
57 48 5 2000 0
59 48 5 2000 0
61 14 3 20000 5
63 14 3 2000 0
64 14 3 2000 0
65 14 3 2000 0
66 14 3 2000 0
68 1 87 20000 5
69 1 87 2000 0
70 1 87 2000 0
71 1 87 2000 0
72 1 87 2000 0
0
7
25 30
29 32
48 5
8 9
26 21
1 87
14 3
END
3597547
0
92
109
41
0 4 21 50000 4
1 8 9 2000 0
2 26 21 2000 0
3 14 3 2000 0
4 89 14 2000 0
5 48 5 2000 0
12 25 30 2000 0
13 13 95 2000 0
14 5 97 2000 0
16 1 87 2000 0
18 21 75 2000 0
22 26 21 20000 5
24 26 21 2000 0
26 26 21 2000 0
28 26 21 2000 0
30 26 21 2000 0
31 25 30 20000 5
34 25 30 2000 0
36 25 30 2000 0
38 25 30 2000 0
40 25 30 2000 0
41 8 9 20000 5
43 8 9 2000 0
46 8 9 2000 0
47 8 9 2000 0
49 8 9 2000 0
51 48 5 20000 5
53 48 5 2000 0
56 48 5 2000 0
57 48 5 2000 0
59 48 5 2000 0
61 14 3 20000 5
63 14 3 2000 0
64 14 3 2000 0
65 14 3 2000 0
66 14 3 2000 0
68 1 87 20000 5
69 1 87 2000 0
70 1 87 2000 0
71 1 87 2000 0
72 1 87 2000 0
0
7
25 30
29 32
48 5
8 9
26 21
1 87
14 3
END
3597494
0
93
149
41
0 4 21 50000 4
1 8 9 2000 0
2 26 21 2000 0
3 14 3 2000 0
4 90 14 2000 0
5 48 5 2000 0
12 25 30 2000 0
13 14 95 2000 0
14 4 97 2000 0
16 1 87 2000 0
18 21 76 2000 0
22 26 21 20000 5
24 26 21 2000 0
26 26 21 2000 0
28 26 21 2000 0
30 26 21 2000 0
31 25 30 20000 5
34 25 30 2000 0
36 25 30 2000 0
38 25 30 2000 0
40 25 30 2000 0
41 8 9 20000 5
43 8 9 2000 0
46 8 9 2000 0
47 8 9 2000 0
49 8 9 2000 0
51 48 5 20000 5
53 48 5 2000 0
56 48 5 2000 0
57 48 5 2000 0
59 48 5 2000 0
61 14 3 20000 5
63 14 3 2000 0
64 14 3 2000 0
65 14 3 2000 0
66 14 3 2000 0
68 1 87 20000 5
69 1 87 2000 0
70 1 87 2000 0
71 1 87 2000 0
72 1 87 2000 0
0
7
25 30
29 32
48 5
8 9
26 21
1 87
14 3
END
3597436
0
94
149
42
0 4 21 50000 4
1 8 9 2000 0
2 26 21 2000 0
3 14 3 2000 0
4 91 14 2000 0
5 48 5 2000 0
12 25 30 2000 0
13 15 95 2000 0
14 3 97 2000 0
16 1 87 2000 0
18 21 77 2000 0
22 26 21 20000 5
24 26 21 2000 0
26 26 21 2000 0
28 26 21 2000 0
30 26 21 2000 0
31 25 30 20000 5
34 25 30 2000 0
36 25 30 2000 0
38 25 30 2000 0
40 25 30 2000 0
41 8 9 20000 5
43 8 9 2000 0
46 8 9 2000 0
47 8 9 2000 0
49 8 9 2000 0
51 48 5 20000 5
53 48 5 2000 0
56 48 5 2000 0
57 48 5 2000 0
59 48 5 2000 0
61 14 3 20000 5
63 14 3 2000 0
64 14 3 2000 0
65 14 3 2000 0
66 14 3 2000 0
68 1 87 20000 5
69 1 87 2000 0
70 1 87 2000 0
71 1 87 2000 0
72 1 87 2000 0
73 25 30 2000 0
0
7
25 30
29 32
48 5
8 9
26 21
1 87
14 3
END
3597386
0
95
149
43
0 4 21 50000 4
1 8 9 2000 0
2 26 21 2000 0
3 14 3 2000 0
4 92 14 2000 0
5 48 5 2000 0
12 25 30 2000 0
13 16 95 2000 0
14 4 97 2000 0
16 1 87 2000 0
18 21 78 2000 0
22 26 21 20000 5
24 26 21 2000 0
26 26 21 2000 0
28 26 21 2000 0
30 26 21 2000 0
31 25 30 20000 5
34 25 30 2000 0
36 25 30 2000 0
38 25 30 2000 0
40 25 30 2000 0
41 8 9 20000 5
43 8 9 2000 0
46 8 9 2000 0
47 8 9 2000 0
49 8 9 2000 0
51 48 5 20000 5
53 48 5 2000 0
56 48 5 2000 0
57 48 5 2000 0
59 48 5 2000 0
61 14 3 20000 5
63 14 3 2000 0
64 14 3 2000 0
65 14 3 2000 0
66 14 3 2000 0
68 1 87 20000 5
69 1 87 2000 0
70 1 87 2000 0
71 1 87 2000 0
72 1 87 2000 0
73 25 30 2000 0
74 25 30 2000 0
0
7
25 30
29 32
48 5
8 9
26 21
1 87
14 3
END
3597326
0
96
149
44
0 4 21 50000 4
1 8 9 2000 0
2 26 21 2000 0
3 14 3 2000 0
4 93 14 2000 0
5 48 5 2000 0
12 25 30 2000 0
13 17 95 2000 0
14 5 97 2000 0
16 1 87 2000 0
18 21 79 2000 0
22 26 21 20000 5
24 26 21 2000 0
26 26 21 2000 0
28 26 21 2000 0
30 26 21 2000 0
31 25 30 20000 5
34 25 30 2000 0
36 25 30 2000 0
38 25 30 2000 0
40 25 30 2000 0
41 8 9 20000 5
43 8 9 2000 0
46 8 9 2000 0
47 8 9 2000 0
49 8 9 2000 0
51 48 5 20000 5
53 48 5 2000 0
56 48 5 2000 0
57 48 5 2000 0
59 48 5 2000 0
61 14 3 20000 5
63 14 3 2000 0
64 14 3 2000 0
65 14 3 2000 0
66 14 3 2000 0
68 1 87 20000 5
69 1 87 2000 0
70 1 87 2000 0
71 1 87 2000 0
72 1 87 2000 0
73 25 30 2000 0
74 26 30 2000 0
75 25 30 2000 0
0
7
25 30
29 32
48 5
8 9
26 21
1 87
14 3
END
3597262
0
97
149
45
0 4 21 50000 4
1 8 9 2000 0
2 26 21 2000 0
3 14 3 2000 0
4 94 14 2000 0
5 48 5 2000 0
12 25 30 2000 0
13 18 95 2000 0
14 6 97 2000 0
16 1 87 2000 0
18 21 80 2000 0
22 26 21 20000 5
24 26 21 2000 0
26 26 21 2000 0
28 26 21 2000 0
30 26 21 2000 0
31 25 30 20000 5
34 25 30 2000 0
36 25 30 2000 0
38 25 30 2000 0
40 25 30 2000 0
41 8 9 20000 5
43 8 9 2000 0
46 8 9 2000 0
47 8 9 2000 0
49 8 9 2000 0
51 48 5 20000 5
53 48 5 2000 0
56 48 5 2000 0
57 48 5 2000 0
59 48 5 2000 0
61 14 3 20000 5
63 14 3 2000 0
64 14 3 2000 0
65 14 3 2000 0
66 14 3 2000 0
68 1 87 20000 5
69 1 87 2000 0
70 1 87 2000 0
71 1 87 2000 0
72 1 87 2000 0
73 25 30 2000 0
74 27 30 2000 0
75 26 30 2000 0
76 25 30 2000 0
0
7
25 30
29 32
48 5
8 9
26 21
1 87
14 3
END
3597206
0
98
149
46
0 4 21 50000 4
1 8 9 2000 0
2 26 21 2000 0
3 14 3 2000 0
4 95 14 2000 0
5 48 5 2000 0
12 25 30 2000 0
13 19 95 2000 0
14 7 97 2000 0
16 1 87 2000 0
18 21 81 2000 0
22 26 21 20000 5
24 26 21 2000 0
26 26 21 2000 0
28 26 21 2000 0
30 26 21 2000 0
31 25 30 20000 5
34 25 30 2000 0
36 25 30 2000 0
38 25 30 2000 0
40 25 30 2000 0
41 8 9 20000 5
43 8 9 2000 0
46 8 9 2000 0
47 8 9 2000 0
49 8 9 2000 0
51 48 5 20000 5
53 48 5 2000 0
56 48 5 2000 0
57 48 5 2000 0
59 48 5 2000 0
61 14 3 20000 5
63 14 3 2000 0
64 14 3 2000 0
65 14 3 2000 0
66 14 3 2000 0
68 1 87 20000 5
69 1 87 2000 0
70 1 87 2000 0
71 1 87 2000 0
72 1 87 2000 0
73 25 30 2000 0
74 28 30 2000 0
75 27 30 2000 0
76 26 30 2000 0
77 25 30 2000 0
0
7
25 30
29 32
48 5
8 9
26 21
1 87
14 3
END
3597146
0
99
149
47
0 4 21 50000 4
1 8 9 2000 0
2 26 21 2000 0
3 14 3 2000 0
4 96 14 2000 0
5 48 5 2000 0
12 25 30 2000 0
13 20 95 2000 0
14 8 97 2000 0
16 1 87 2000 0
18 21 82 2000 0
22 26 21 20000 5
24 26 21 2000 0
26 26 21 2000 0
28 26 21 2000 0
30 26 21 2000 0
31 25 30 20000 5
34 25 30 2000 0
36 25 30 2000 0
38 25 30 2000 0
40 25 30 2000 0
41 8 9 20000 5
43 8 9 2000 0
46 8 9 2000 0
47 8 9 2000 0
49 8 9 2000 0
51 48 5 20000 5
53 48 5 2000 0
56 48 5 2000 0
57 48 5 2000 0
59 48 5 2000 0
61 14 3 20000 5
63 14 3 2000 0
64 14 3 2000 0
65 14 3 2000 0
66 14 3 2000 0
68 1 87 20000 5
69 1 87 2000 0
70 1 87 2000 0
71 1 87 2000 0
72 1 87 2000 0
73 25 30 2000 0
74 29 30 2000 0
75 28 30 2000 0
76 26 31 2000 0
77 26 30 2000 0
79 48 5 2000 0
0
7
25 30
29 32
48 5
8 9
26 21
1 87
14 3
END
3597082
0
100
149
48
0 4 21 50000 4
1 8 9 2000 0
2 26 21 2000 0
3 14 3 2000 0
4 97 14 2000 0
5 48 5 2000 0
12 25 30 2000 0
13 21 95 2000 0
14 9 97 2000 0
16 1 87 2000 0
18 21 83 2000 0
22 26 21 20000 5
24 26 21 2000 0
26 26 21 2000 0
28 26 21 2000 0
30 26 21 2000 0
31 25 30 20000 5
34 25 30 2000 0
36 25 30 2000 0
38 25 30 2000 0
40 25 30 2000 0
41 8 9 20000 5
43 8 9 2000 0
46 8 9 2000 0
47 8 9 2000 0
49 8 9 2000 0
51 48 5 20000 5
53 48 5 2000 0
56 48 5 2000 0
57 48 5 2000 0
59 48 5 2000 0
61 14 3 20000 5
63 14 3 2000 0
64 14 3 2000 0
65 14 3 2000 0
66 14 3 2000 0
68 1 87 20000 5
69 1 87 2000 0
70 1 87 2000 0
71 1 87 2000 0
72 1 87 2000 0
73 25 30 2000 0
74 30 30 2000 0
75 29 30 2000 0
76 26 32 2000 0
77 27 30 2000 0
79 49 5 2000 0
81 48 5 2000 0
0
7
25 30
29 32
48 5
8 9
26 21
1 87
14 3
END
3597018
0
101
149
49
0 4 21 50000 4
1 8 9 2000 0
2 26 21 2000 0
3 14 3 2000 0
4 97 15 2000 0
5 48 5 2000 0
12 25 30 2000 0
13 22 95 2000 0
14 10 97 2000 0
16 1 87 2000 0
18 21 84 2000 0
22 26 21 20000 5
24 26 21 2000 0
26 26 21 2000 0
28 26 21 2000 0
30 26 21 2000 0
31 25 30 20000 5
34 25 30 2000 0
36 25 30 2000 0
38 25 30 2000 0
40 25 30 2000 0
41 8 9 20000 5
43 8 9 2000 0
46 8 9 2000 0
47 8 9 2000 0
49 8 9 2000 0
51 48 5 20000 5
53 48 5 2000 0
56 48 5 2000 0
57 48 5 2000 0
59 48 5 2000 0
61 14 3 20000 5
63 14 3 2000 0
64 14 3 2000 0
65 14 3 2000 0
66 14 3 2000 0
68 1 87 20000 5
69 1 87 2000 0
70 1 87 2000 0
71 1 87 2000 0
72 1 87 2000 0
73 25 30 2000 0
74 31 30 2000 0
75 30 30 2000 0
76 26 33 2000 0
77 28 30 2000 0
79 50 5 2000 0
81 49 5 2000 0
82 48 5 2000 0
0
7
25 30
29 32
48 5
8 9
26 21
1 87
14 3
END
3596955
0
102
149
50
0 4 21 50000 4
1 8 9 2000 0
2 26 21 2000 0
3 14 3 2000 0
4 97 16 2000 0
5 48 5 2000 0
12 25 30 2000 0
13 23 95 2000 0
14 11 97 2000 0
16 1 87 2000 0
18 21 85 2000 0
22 26 21 20000 5
24 26 21 2000 0
26 26 21 2000 0
28 26 21 2000 0
30 26 21 2000 0
31 25 30 20000 5
34 25 30 2000 0
36 25 30 2000 0
38 25 30 2000 0
40 25 30 2000 0
41 8 9 20000 5
43 8 9 2000 0
46 8 9 2000 0
47 8 9 2000 0
49 8 9 2000 0
51 48 5 20000 5
53 48 5 2000 0
56 48 5 2000 0
57 48 5 2000 0
59 48 5 2000 0
61 14 3 20000 5
63 14 3 2000 0
64 14 3 2000 0
65 14 3 2000 0
66 14 3 2000 0
68 1 87 20000 5
69 1 87 2000 0
70 1 87 2000 0
71 1 87 2000 0
72 1 87 2000 0
73 25 30 2000 0
74 32 30 2000 0
75 31 30 2000 0
76 26 34 2000 0
77 29 30 2000 0
79 51 5 2000 0
81 50 5 2000 0
82 49 5 2000 0
84 48 5 2000 0
2
15 25 97 2000 0
67 25 97 20000 5
8
25 30
29 32
48 5
8 9
26 21
1 87
14 3
25 97
END
3596890
0
103
189
50
0 4 21 50000 4
1 8 9 2000 0
2 26 21 2000 0
3 14 3 2000 0
4 97 17 2000 0
5 48 5 2000 0
12 25 30 2000 0
13 24 95 2000 0
14 12 97 2000 0
16 1 87 2000 0
18 21 86 2000 0
22 26 21 20000 5
24 26 21 2000 0
26 26 21 2000 0
28 26 21 2000 0
30 26 21 2000 0
31 25 30 20000 5
34 25 30 2000 0
36 25 30 2000 0
38 25 30 2000 0
40 25 30 2000 0
41 8 9 20000 5
43 8 9 2000 0
46 8 9 2000 0
47 8 9 2000 0
49 8 9 2000 0
51 48 5 20000 5
53 48 5 2000 0
56 48 5 2000 0
57 48 5 2000 0
59 48 5 2000 0
61 14 3 20000 5
63 14 3 2000 0
64 14 3 2000 0
65 14 3 2000 0
66 14 3 2000 0
68 1 87 20000 5
69 1 87 2000 0
70 1 87 2000 0
71 1 87 2000 0
72 1 87 2000 0
73 25 30 2000 0
74 33 30 2000 0
75 31 31 2000 0
76 26 35 2000 0
77 29 31 2000 0
79 52 5 2000 0
81 51 5 2000 0
82 50 5 2000 0
84 49 5 2000 0
2
15 25 97 2000 0
67 25 97 20000 5
8
25 30
29 32
48 5
8 9
26 21
1 87
14 3
25 97
END
3596828
0
104
230
50
0 4 21 50000 4
1 8 9 2000 0
2 26 21 2000 0
3 14 3 2000 0
4 97 18 2000 0
5 48 5 2000 0
12 25 30 2000 0
13 25 95 1800 0
14 13 97 2000 0
16 1 87 2000 0
18 21 87 2000 0
22 26 21 20000 5
24 26 21 2000 0
26 26 21 2000 0
28 26 21 2000 0
30 26 21 2000 0
31 25 30 20000 5
34 25 30 2000 0
36 25 30 2000 0
38 25 30 2000 0
40 25 30 2000 0
41 8 9 20000 5
43 8 9 2000 0
46 8 9 2000 0
47 8 9 2000 0
49 8 9 2000 0
51 48 5 20000 5
53 48 5 2000 0
56 48 5 2000 0
57 48 5 2000 0
59 48 5 2000 0
61 14 3 20000 5
63 14 3 2000 0
64 14 3 2000 0
65 14 3 2000 0
66 14 3 2000 0
68 1 87 20000 5
69 1 87 2000 0
70 1 87 2000 0
71 1 87 2000 0
72 1 87 2000 0
73 25 30 2000 0
74 34 30 2000 0
75 31 32 2000 0
76 26 36 2000 0
77 29 32 2000 0
79 53 5 2000 0
81 52 5 2000 0
82 51 5 2000 0
84 50 5 2000 0
2
15 25 97 1950 0
67 25 97 19950 5
8
25 30
29 32
48 5
8 9
26 21
1 87
14 3
25 97
END
3596757
0
105
270
50
0 4 21 50000 4
1 8 9 2000 0
2 26 21 2000 0
3 14 3 2000 0
4 97 19 2000 0
5 48 5 2000 0
12 25 30 2000 0
13 25 96 1600 0
14 14 97 2000 0
16 1 87 2000 0
18 21 88 2000 0
22 26 21 20000 5
24 26 21 2000 0
26 26 21 2000 0
28 26 21 2000 0
30 26 21 2000 0
31 25 30 20000 5
34 25 30 2000 0
36 25 30 2000 0
38 25 30 2000 0
40 25 30 2000 0
41 8 9 20000 5
43 8 9 2000 0
46 8 9 2000 0
47 8 9 2000 0
49 8 9 2000 0
51 48 5 20000 5
53 48 5 2000 0
56 48 5 2000 0
57 48 5 2000 0
59 48 5 2000 0
61 14 3 20000 5
63 14 3 2000 0
64 14 3 2000 0
65 14 3 2000 0
66 14 3 2000 0
68 1 87 20000 5
69 1 87 2000 0
70 1 87 2000 0
71 1 87 2000 0
72 1 87 2000 0
73 25 30 2000 0
74 35 30 2000 0
75 31 33 2000 0
76 26 37 2000 0
77 30 32 2000 0
79 54 5 2000 0
81 53 5 2000 0
82 52 5 2000 0
84 51 5 2000 0
2
15 25 97 1900 0
67 25 97 19900 5
8
25 30
29 32
48 5
8 9
26 21
1 87
14 3
25 97
END
3596688
0
106
311
50
0 4 21 50000 4
1 8 9 2000 0
2 26 21 2000 0
3 14 3 2000 0
4 97 20 2000 0
5 48 5 2000 0
12 25 30 2000 0
13 25 97 1400 0
14 15 97 2000 0
16 1 87 2000 0
18 22 88 2000 0
22 26 21 20000 5
24 26 21 2000 0
26 26 21 2000 0
28 26 21 2000 0
30 26 21 2000 0
31 25 30 20000 5
34 25 30 2000 0
36 25 30 2000 0
38 25 30 2000 0
40 25 30 2000 0
41 8 9 20000 5
43 8 9 2000 0
46 8 9 2000 0
47 8 9 2000 0
49 8 9 2000 0
51 48 5 20000 5
53 48 5 2000 0
56 48 5 2000 0
57 48 5 2000 0
59 48 5 2000 0
61 14 3 20000 5
63 14 3 2000 0
64 14 3 2000 0
65 14 3 2000 0
66 14 3 2000 0
68 1 87 20000 5
69 1 87 2000 0
70 1 87 2000 0
71 1 87 2000 0
72 1 87 2000 0
73 25 30 2000 0
74 36 30 2000 0
75 31 34 2000 0
76 26 38 2000 0
77 31 32 2000 0
79 55 5 2000 0
81 54 5 2000 0
82 53 5 2000 0
84 52 5 2000 0
2
15 25 97 1850 0
67 25 97 19850 5
8
25 30
29 32
48 5
8 9
26 21
1 87
14 3
25 97
END
3596623
0
107
252
51
0 4 21 50000 4
1 8 9 2000 0
2 26 21 2000 0
3 14 3 2000 0
4 97 21 2000 0
5 48 5 2000 0
12 25 30 2000 0
13 25 97 1300 0
14 15 96 2000 0
16 1 87 2000 0
18 23 88 2000 0
22 26 21 20000 5
24 26 21 2000 0
26 26 21 2000 0
28 26 21 2000 0
30 26 21 2000 0
31 25 30 20000 5
34 25 30 2000 0
36 25 30 2000 0
38 25 30 2000 0
40 25 30 2000 0
41 8 9 20000 5
43 8 9 2000 0
46 8 9 2000 0
47 8 9 2000 0
49 8 9 2000 0
51 48 5 20000 5
53 48 5 2000 0
56 48 5 2000 0
57 48 5 2000 0
59 48 5 2000 0
61 14 3 20000 5
63 14 3 2000 0
64 14 3 2000 0
65 14 3 2000 0
66 14 3 2000 0
68 1 87 20000 5
69 1 87 2000 0
70 1 87 2000 0
71 1 87 2000 0
72 1 87 2000 0
73 25 30 2000 0
74 37 30 2000 0
75 31 35 2000 0
76 26 39 2000 0
77 32 32 2000 0
79 56 5 2000 0
81 55 5 2000 0
82 54 5 2000 0
84 53 5 2000 0
88 25 97 19900 5
2
15 25 97 1750 0
67 25 97 19750 5
8
25 30
29 32
48 5
8 9
26 21
1 87
14 3
25 97
END
3596554
0
108
254
52
0 4 21 50000 4
1 8 9 2000 0
2 26 21 2000 0
3 14 3 2000 0
4 97 22 2000 0
5 48 5 2000 0
12 25 30 2000 0
13 25 97 1234 0
14 15 95 2000 0
16 1 87 2000 0
18 24 88 2000 0
22 26 21 20000 5
24 26 21 2000 0
26 26 21 2000 0
28 26 21 2000 0
30 26 21 2000 0
31 25 30 20000 5
34 25 30 2000 0
36 25 30 2000 0
38 25 30 2000 0
40 25 30 2000 0
41 8 9 20000 5
43 8 9 2000 0
46 8 9 2000 0
47 8 9 2000 0
49 8 9 2000 0
51 48 5 20000 5
53 48 5 2000 0
56 48 5 2000 0
57 48 5 2000 0
59 48 5 2000 0
61 14 3 20000 5
63 14 3 2000 0
64 14 3 2000 0
65 14 3 2000 0
66 14 3 2000 0
68 1 87 20000 5
69 1 87 2000 0
70 1 87 2000 0
71 1 87 2000 0
72 1 87 2000 0
73 25 30 2000 0
74 38 30 2000 0
75 32 35 2000 0
76 26 40 2000 0
77 33 32 2000 0
79 57 5 2000 0
81 56 5 2000 0
82 55 5 2000 0
84 54 5 2000 0
88 25 97 19834 5
90 25 97 1934 0
2
15 25 97 1600 0
67 25 97 19600 5
8
25 30
29 32
48 5
8 9
26 21
1 87
14 3
25 97
END
3596485
0
109
257
53
0 4 21 50000 4
1 8 9 2000 0
2 26 21 2000 0
3 14 3 2000 0
4 97 23 2000 0
5 48 5 2000 0
12 25 30 2000 0
13 25 97 1184 0
14 15 94 2000 0
16 1 87 2000 0
18 25 88 2000 0
22 26 21 20000 5
24 26 21 2000 0
26 26 21 2000 0
28 26 21 2000 0
30 26 21 2000 0
31 25 30 20000 5
34 25 30 2000 0
36 25 30 2000 0
38 25 30 2000 0
40 25 30 2000 0
41 8 9 20000 5
43 8 9 2000 0
46 8 9 2000 0
47 8 9 2000 0
49 8 9 2000 0
51 48 5 20000 5
53 48 5 2000 0
56 48 5 2000 0
57 48 5 2000 0
59 48 5 2000 0
61 14 3 20000 5
63 14 3 2000 0
64 14 3 2000 0
65 14 3 2000 0
66 14 3 2000 0
68 1 87 20000 5
69 1 87 2000 0
70 1 87 2000 0
71 1 87 2000 0
72 1 87 2000 0
73 25 30 2000 0
74 39 30 2000 0
75 33 35 2000 0
76 27 40 2000 0
77 34 32 2000 0
79 58 5 2000 0
81 57 5 2000 0
82 56 5 2000 0
84 55 5 2000 0
88 25 97 19784 5
90 25 97 1884 0
91 25 97 1950 0
2
15 25 97 1400 0
67 25 97 19400 5
8
25 30
29 32
48 5
8 9
26 21
1 87
14 3
25 97
END
3596421
0
110
261
54
0 4 21 50000 4
1 8 9 2000 0
2 26 21 2000 0
3 14 3 2000 0
4 97 24 2000 0
5 48 5 2000 0
12 25 30 2000 0
13 25 97 1144 0
14 15 93 2000 0
16 1 87 2000 0
18 26 88 2000 0
22 26 21 20000 5
24 26 21 2000 0
26 26 21 2000 0
28 26 21 2000 0
30 26 21 2000 0
31 25 30 20000 5
34 25 30 2000 0
36 25 30 2000 0
38 25 30 2000 0
40 25 30 2000 0
41 8 9 20000 5
43 8 9 2000 0
46 8 9 2000 0
47 8 9 2000 0
49 8 9 2000 0
51 48 5 20000 5
53 48 5 2000 0
56 48 5 2000 0
57 48 5 2000 0
59 48 5 2000 0
61 14 3 20000 5
63 14 3 2000 0
64 14 3 2000 0
65 14 3 2000 0
66 14 3 2000 0
68 1 87 20000 5
69 1 87 2000 0
70 1 87 2000 0
71 1 87 2000 0
72 1 87 2000 0
73 25 30 2000 0
74 40 30 2000 0
75 34 35 2000 0
76 28 40 2000 0
77 35 32 2000 0
79 59 5 2000 0
81 58 5 2000 0
82 57 5 2000 0
84 56 5 2000 0
88 25 97 19744 5
90 25 97 1844 0
91 25 97 1910 0
93 25 97 1960 0
2
15 25 97 1150 0
67 25 97 19150 5
8
25 30
29 32
48 5
8 9
26 21
1 87
14 3
25 97
END
3596351
0
111
266
55
0 4 21 50000 4
1 8 9 2000 0
2 26 21 2000 0
3 14 3 2000 0
4 97 25 2000 0
5 48 5 2000 0
12 25 30 2000 0
13 25 97 1112 0
14 15 92 2000 0
16 1 87 2000 0
18 27 88 2000 0
22 26 21 20000 5
24 26 21 2000 0
26 26 21 2000 0
28 26 21 2000 0
30 26 21 2000 0
31 25 30 20000 5
34 25 30 2000 0
36 25 30 2000 0
38 25 30 2000 0
40 25 30 2000 0
41 8 9 20000 5
43 8 9 2000 0
46 8 9 2000 0
47 8 9 2000 0
49 8 9 2000 0
51 48 5 20000 5
53 48 5 2000 0
56 48 5 2000 0
57 48 5 2000 0
59 48 5 2000 0
61 14 3 20000 5
63 14 3 2000 0
64 14 3 2000 0
65 14 3 2000 0
66 14 3 2000 0
68 1 87 20000 5
69 1 87 2000 0
70 1 87 2000 0
71 1 87 2000 0
72 1 87 2000 0
73 25 30 2000 0
74 41 30 2000 0
75 35 35 2000 0
76 29 40 2000 0
77 36 32 2000 0
79 60 5 2000 0
81 59 5 2000 0
82 58 5 2000 0
84 57 5 2000 0
88 25 97 19712 5
90 25 97 1812 0
91 25 97 1878 0
93 25 97 1928 0
95 25 97 1968 0
2
15 25 97 850 0
67 25 97 18850 5
8
25 30
29 32
48 5
8 9
26 21
1 87
14 3
25 97
END
3596283
0
112
311
55
0 4 21 50000 4
1 8 9 2000 0
2 26 21 2000 0
3 14 3 2000 0
4 97 26 2000 0
5 48 5 2000 0
12 25 30 2000 0
13 25 97 1080 0
14 15 91 2000 0
16 1 87 2000 0
18 28 88 2000 0
22 26 21 20000 5
24 26 21 2000 0
26 26 21 2000 0
28 26 21 2000 0
30 26 21 2000 0
31 25 30 20000 5
34 25 30 2000 0
36 25 30 2000 0
38 25 30 2000 0
40 25 30 2000 0
41 8 9 20000 5
43 8 9 2000 0
46 8 9 2000 0
47 8 9 2000 0
49 8 9 2000 0
51 48 5 20000 5
53 48 5 2000 0
56 48 5 2000 0
57 48 5 2000 0
59 48 5 2000 0
61 14 3 20000 5
63 14 3 2000 0
64 14 3 2000 0
65 14 3 2000 0
66 14 3 2000 0
68 1 87 20000 5
69 1 87 2000 0
70 1 87 2000 0
71 1 87 2000 0
72 1 87 2000 0
73 25 30 2000 0
74 42 30 2000 0
75 36 35 2000 0
76 30 40 2000 0
77 37 32 2000 0
79 61 5 2000 0
81 60 5 2000 0
82 59 5 2000 0
84 58 5 2000 0
88 25 97 19680 5
90 25 97 1780 0
91 25 97 1846 0
93 25 97 1896 0
95 25 97 1936 0
3
15 25 97 550 0
17 95 27 2000 0
67 25 97 18550 5
8
25 30
29 32
48 5
8 9
26 21
1 87
14 3
25 97
END
3596218
0
113
356
55
0 4 21 50000 4
1 8 9 2000 0
2 26 21 2000 0
3 14 3 2000 0
4 97 27 2000 0
5 48 5 2000 0
12 25 30 2000 0
13 25 97 1032 0
14 15 90 2000 0
16 1 87 2000 0
18 29 88 2000 0
22 26 21 20000 5
24 26 21 2000 0
26 26 21 2000 0
28 26 21 2000 0
30 26 21 2000 0
31 25 30 20000 5
34 25 30 2000 0
36 25 30 2000 0
38 25 30 2000 0
40 25 30 2000 0
41 8 9 20000 5
43 8 9 2000 0
46 8 9 2000 0
47 8 9 2000 0
49 8 9 2000 0
51 48 5 20000 5
53 48 5 2000 0
56 48 5 2000 0
57 48 5 2000 0
59 48 5 2000 0
61 14 3 20000 5
63 14 3 2000 0
64 14 3 2000 0
65 14 3 2000 0
66 14 3 2000 0
68 1 87 20000 5
69 1 87 2000 0
70 1 87 2000 0
71 1 87 2000 0
72 1 87 2000 0
73 25 30 2000 0
74 43 30 2000 0
75 37 35 2000 0
76 31 40 2000 0
77 38 32 2000 0
79 62 5 2000 0
81 61 5 2000 0
82 60 5 2000 0
84 59 5 2000 0
88 25 97 19632 5
90 25 97 1732 0
91 25 97 1798 0
93 25 97 1848 0
95 25 97 1888 0
4
15 25 97 352 0
17 95 26 2000 0
67 25 97 18352 5
98 25 97 1802 0
8
25 30
29 32
48 5
8 9
26 21
1 87
14 3
25 97
END
3596147
0
114
401
55
0 4 21 50000 4
1 8 9 2000 0
2 26 21 2000 0
3 14 3 2000 0
4 97 28 2000 0
5 48 5 2000 0
12 25 30 2000 0
13 25 97 984 0
14 16 90 2000 0
16 1 87 2000 0
18 30 88 2000 0
22 26 21 20000 5
24 26 21 2000 0
26 26 21 2000 0
28 26 21 2000 0
30 26 21 2000 0
31 25 30 20000 5
34 25 30 2000 0
36 25 30 2000 0
38 25 30 2000 0
40 25 30 2000 0
41 8 9 20000 5
43 8 9 2000 0
46 8 9 2000 0
47 8 9 2000 0
49 8 9 2000 0
51 48 5 20000 5
53 48 5 2000 0
56 48 5 2000 0
57 48 5 2000 0
59 48 5 2000 0
61 14 3 20000 5
63 14 3 2000 0
64 14 3 2000 0
65 14 3 2000 0
66 14 3 2000 0
68 1 87 20000 5
69 1 87 2000 0
70 1 87 2000 0
71 1 87 2000 0
72 1 87 2000 0
73 25 30 2000 0
74 44 30 2000 0
75 38 35 2000 0
76 32 40 2000 0
77 39 32 2000 0
79 63 5 2000 0
81 62 5 2000 0
82 61 5 2000 0
84 60 5 2000 0
88 25 97 19584 5
90 25 97 1684 0
91 25 97 1750 0
93 25 97 1800 0
95 25 97 1840 0
3
15 25 97 154 0
67 25 97 18154 5
98 25 97 1604 0
8
25 30
29 32
48 5
8 9
26 21
1 87
14 3
25 97
END
3596078
0
115
446
55
0 4 21 50000 4
1 8 9 2000 0
2 26 21 2000 0
3 14 3 2000 0
4 97 29 2000 0
5 48 5 2000 0
12 25 30 2000 0
13 25 97 936 0
14 17 90 2000 0
16 1 87 2000 0
18 31 88 2000 0
22 26 21 20000 5
24 26 21 2000 0
26 26 21 2000 0
28 26 21 2000 0
30 26 21 2000 0
31 25 30 20000 5
34 25 30 2000 0
36 25 30 2000 0
38 25 30 2000 0
40 25 30 2000 0
41 8 9 20000 5
43 8 9 2000 0
46 8 9 2000 0
47 8 9 2000 0
49 8 9 2000 0
51 48 5 20000 5
53 48 5 2000 0
56 48 5 2000 0
57 48 5 2000 0
59 48 5 2000 0
61 14 3 20000 5
63 14 3 2000 0
64 14 3 2000 0
65 14 3 2000 0
66 14 3 2000 0
68 1 87 20000 5
69 1 87 2000 0
70 1 87 2000 0
71 1 87 2000 0
72 1 87 2000 0
73 25 30 2000 0
74 45 30 2000 0
75 39 35 2000 0
76 33 40 2000 0
77 40 32 2000 0
79 64 5 2000 0
81 63 5 2000 0
82 62 5 2000 0
84 61 5 2000 0
88 25 97 19536 5
90 25 97 1636 0
91 25 97 1702 0
93 25 97 1752 0
95 25 97 1792 0
2
67 25 97 17956 5
98 25 97 1406 0
8
25 30
29 32
48 5
8 9
26 21
1 87
14 3
25 97
END
3596002
0
116
491
55
0 4 21 50000 4
1 8 9 2000 0
2 26 21 2000 0
3 14 3 2000 0
4 97 30 2000 0
5 48 5 2000 0
12 25 30 2000 0
13 25 97 888 0
14 18 90 2000 0
16 1 87 2000 0
18 32 88 2000 0
22 26 21 20000 5
24 26 21 2000 0
26 26 21 2000 0
28 26 21 2000 0
30 26 21 2000 0
31 25 30 20000 5
34 25 30 2000 0
36 25 30 2000 0
38 25 30 2000 0
40 25 30 2000 0
41 8 9 20000 5
43 8 9 2000 0
46 8 9 2000 0
47 8 9 2000 0
49 8 9 2000 0
51 48 5 20000 5
53 48 5 2000 0
56 48 5 2000 0
57 48 5 2000 0
59 48 5 2000 0
61 14 3 20000 5
63 14 3 2000 0
64 14 3 2000 0
65 14 3 2000 0
66 14 3 2000 0
68 1 87 20000 5
69 1 87 2000 0
70 1 87 2000 0
71 1 87 2000 0
72 1 87 2000 0
73 25 30 2000 0
74 46 30 2000 0
75 40 35 2000 0
76 34 40 2000 0
77 41 32 2000 0
79 65 5 2000 0
81 64 5 2000 0
82 63 5 2000 0
84 62 5 2000 0
88 25 97 19488 5
90 25 97 1588 0
91 25 97 1654 0
93 25 97 1704 0
95 25 97 1744 0
3
67 25 97 17758 5
98 25 97 1208 0
101 25 97 1802 0
8
25 30
29 32
48 5
8 9
26 21
1 87
14 3
25 97
END
3595927
0
117
536
55
0 4 21 50000 4
1 8 9 2000 0
2 26 21 2000 0
3 14 3 2000 0
4 97 31 2000 0
5 48 5 2000 0
12 25 30 2000 0
13 25 97 824 0
14 19 90 2000 0
16 1 87 2000 0
18 33 88 2000 0
22 26 21 20000 5
24 26 21 2000 0
26 26 21 2000 0
28 26 21 2000 0
30 26 21 2000 0
31 25 30 20000 5
34 25 30 2000 0
36 25 30 2000 0
38 25 30 2000 0
40 25 30 2000 0
41 8 9 20000 5
43 8 9 2000 0
46 8 9 2000 0
47 8 9 2000 0
49 8 9 2000 0
51 48 5 20000 5
53 48 5 2000 0
56 48 5 2000 0
57 48 5 2000 0
59 48 5 2000 0
61 14 3 20000 5
63 14 3 2000 0
64 14 3 2000 0
65 14 3 2000 0
66 14 3 2000 0
68 1 87 20000 5
69 1 87 2000 0
70 1 87 2000 0
71 1 87 2000 0
72 1 87 2000 0
73 25 30 2000 0
74 47 30 2000 0
75 41 35 2000 0
76 35 40 2000 0
77 42 32 2000 0
79 66 5 2000 0
81 65 5 2000 0
82 64 5 2000 0
84 63 5 2000 0
88 25 97 19424 5
90 25 97 1524 0
91 25 97 1590 0
93 25 97 1640 0
95 25 97 1680 0
4
67 25 97 17608 5
98 25 97 1058 0
101 25 97 1652 0
102 25 97 1850 0
8
25 30
29 32
48 5
8 9
26 21
1 87
14 3
25 97
END
3595853
0
118
581
55
0 4 21 50000 4
1 8 9 2000 0
2 26 21 2000 0
3 14 3 2000 0
4 97 32 2000 0
5 48 5 2000 0
12 25 30 2000 0
13 25 97 744 0
14 20 90 2000 0
16 1 87 2000 0
18 34 88 2000 0
22 26 21 20000 5
24 26 21 2000 0
26 26 21 2000 0
28 26 21 2000 0
30 26 21 2000 0
31 25 30 20000 5
34 25 30 2000 0
36 25 30 2000 0
38 25 30 2000 0
40 25 30 2000 0
41 8 9 20000 5
43 8 9 2000 0
46 8 9 2000 0
47 8 9 2000 0
49 8 9 2000 0
51 48 5 20000 5
53 48 5 2000 0
56 48 5 2000 0
57 48 5 2000 0
59 48 5 2000 0
61 14 3 20000 5
63 14 3 2000 0
64 14 3 2000 0
65 14 3 2000 0
66 14 3 2000 0
68 1 87 20000 5
69 1 87 2000 0
70 1 87 2000 0
71 1 87 2000 0
72 1 87 2000 0
73 25 30 2000 0
74 48 30 2000 0
75 42 35 2000 0
76 36 40 2000 0
77 43 32 2000 0
79 67 5 2000 0
81 66 5 2000 0
82 65 5 2000 0
84 64 5 2000 0
88 25 97 19344 5
90 25 97 1444 0
91 25 97 1510 0
93 25 97 1560 0
95 25 97 1600 0
5
67 25 97 17488 5
98 25 97 938 0
101 25 97 1532 0
102 25 97 1730 0
103 25 97 1880 0
8
25 30
29 32
48 5
8 9
26 21
1 87
14 3
25 97
END
3595777
0
119
626
55
0 4 21 50000 4
1 8 9 2000 0
2 26 21 2000 0
3 14 3 2000 0
4 97 33 2000 0
5 48 5 2000 0
12 25 30 2000 0
13 25 97 648 0
14 21 90 2000 0
16 1 87 2000 0
18 35 88 2000 0
22 26 21 20000 5
24 26 21 2000 0
26 26 21 2000 0
28 26 21 2000 0
30 26 21 2000 0
31 25 30 20000 5
34 25 30 2000 0
36 25 30 2000 0
38 25 30 2000 0
40 25 30 2000 0
41 8 9 20000 5
43 8 9 2000 0
46 8 9 2000 0
47 8 9 2000 0
49 8 9 2000 0
51 48 5 20000 5
53 48 5 2000 0
56 48 5 2000 0
57 48 5 2000 0
59 48 5 2000 0
61 14 3 20000 5
63 14 3 2000 0
64 14 3 2000 0
65 14 3 2000 0
66 14 3 2000 0
68 1 87 20000 5
69 1 87 2000 0
70 1 87 2000 0
71 1 87 2000 0
72 1 87 2000 0
73 25 30 2000 0
74 49 30 2000 0
75 43 35 2000 0
76 37 40 2000 0
77 44 32 2000 0
79 68 5 2000 0
81 67 5 2000 0
82 66 5 2000 0
84 65 5 2000 0
88 25 97 19248 5
90 25 97 1348 0
91 25 97 1414 0
93 25 97 1464 0
95 25 97 1504 0
6
67 25 97 17392 5
98 25 97 842 0
101 25 97 1436 0
102 25 97 1634 0
103 25 97 1784 0
104 25 97 1904 0
8
25 30
29 32
48 5
8 9
26 21
1 87
14 3
25 97
END
3595706
0
120
671
55
0 4 21 50000 4
1 8 9 2000 0
2 26 21 2000 0
3 14 3 2000 0
4 97 34 2000 0
5 48 5 2000 0
12 25 30 2000 0
13 25 97 552 0
14 22 90 2000 0
16 1 87 2000 0
18 36 88 2000 0
22 26 21 20000 5
24 26 21 2000 0
26 26 21 2000 0
28 26 21 2000 0
30 26 21 2000 0
31 25 30 20000 5
34 25 30 2000 0
36 25 30 2000 0
38 25 30 2000 0
40 25 30 2000 0
41 8 9 20000 5
43 8 9 2000 0
46 8 9 2000 0
47 8 9 2000 0
49 8 9 2000 0
51 48 5 20000 5
53 48 5 2000 0
56 48 5 2000 0
57 48 5 2000 0
59 48 5 2000 0
61 14 3 20000 5
63 14 3 2000 0
64 14 3 2000 0
65 14 3 2000 0
66 14 3 2000 0
68 1 87 20000 5
69 1 87 2000 0
70 1 87 2000 0
71 1 87 2000 0
72 1 87 2000 0
73 25 30 2000 0
74 50 30 2000 0
75 44 35 2000 0
76 38 40 2000 0
77 45 32 2000 0
79 69 5 2000 0
81 68 5 2000 0
82 67 5 2000 0
84 66 5 2000 0
88 25 97 19152 5
90 25 97 1252 0
91 25 97 1318 0
93 25 97 1368 0
95 25 97 1408 0
6
67 25 97 17296 5
98 25 97 746 0
101 25 97 1340 0
102 25 97 1538 0
103 25 97 1688 0
104 25 97 1808 0
9
25 30
29 32
48 5
8 9
26 21
1 87
14 3
38 90
25 97
END

