3599990
0
0
0
6
0 11 3 50000 4
1 11 3 2000 0
2 11 3 2000 0
3 11 3 2000 0
4 11 3 2000 0
5 11 3 2000 0
0
0
END
3599937
0
1
10
6
0 11 3 50000 4
1 12 3 2000 0
2 11 4 2000 0
3 10 3 2000 0
4 11 2 2000 0
5 12 3 2000 0
0
0
END
3599879
0
2
20
6
0 11 3 50000 4
1 13 3 2000 0
2 11 5 2000 0
3 9 3 2000 0
4 11 1 2000 0
5 13 3 2000 0
0
0
END
3599828
0
3
30
6
0 11 3 50000 4
1 14 3 2000 0
2 11 6 2000 0
3 8 3 2000 0
4 11 0 2000 0
5 14 3 2000 0
0
0
END
3599769
0
4
40
6
0 11 3 50000 4
1 15 3 2000 0
2 11 7 2000 0
3 7 3 2000 0
4 10 0 2000 0
5 15 3 2000 0
0
0
END
3599715
0
5
10
7
0 11 3 50000 4
1 16 3 2000 0
2 11 8 2000 0
3 6 3 2000 0
4 9 0 2000 0
5 16 3 2000 0
12 11 3 2000 0
0
0
END
3599656
0
6
20
7
0 11 3 50000 4
1 17 3 2000 0
2 11 9 2000 0
3 6 4 2000 0
4 8 0 2000 0
5 16 4 2000 0
12 11 2 2000 0
0
0
END
3599596
0
7
30
7
0 11 3 50000 4
1 18 3 2000 0
2 11 10 2000 0
3 6 5 2000 0
4 9 0 2000 0
5 16 5 2000 0
12 11 1 2000 0
0
0
END
3599542
0
8
40
7
0 11 3 50000 4
1 19 3 2000 0
2 11 11 2000 0
3 6 6 2000 0
4 10 0 2000 0
5 16 6 2000 0
12 12 1 2000 0
0
0
END
3599494
0
9
10
8
0 11 3 50000 4
1 20 3 2000 0
2 11 12 2000 0
3 6 7 2000 0
4 9 0 2000 0
5 16 7 2000 0
12 13 1 2000 0
13 11 3 2000 0
0
0
END
3599437
0
10
20
8
0 11 3 50000 4
1 21 3 2000 0
2 11 13 2000 0
3 6 8 2000 0
4 8 0 2000 0
5 16 8 2000 0
12 14 1 2000 0
13 11 4 2000 0
0
0
END
3599385
0
11
30
8
0 11 3 50000 4
1 22 3 2000 0
2 11 14 2000 0
3 6 9 2000 0
4 7 0 2000 0
5 17 8 2000 0
12 15 1 2000 0
13 12 4 2000 0
0
0
END
3599332
0
12
40
8
0 11 3 50000 4
1 23 3 2000 0
2 12 14 2000 0
3 6 10 2000 0
4 6 0 2000 0
5 18 8 2000 0
12 16 1 2000 0
13 11 4 2000 0
0
0
END
3599273
0
13
10
9
0 11 3 50000 4
1 24 3 2000 0
2 13 14 2000 0
3 7 10 2000 0
4 5 0 2000 0
5 19 8 2000 0
12 16 0 2000 0
13 11 5 2000 0
14 11 3 2000 0
0
0
END
3599222
0
14
20
9
0 11 3 50000 4
1 25 3 2000 0
2 14 14 2000 0
3 7 11 2000 0
4 4 0 2000 0
5 20 8 2000 0
12 17 0 2000 0
13 12 5 2000 0
14 10 3 2000 0
0
0
END
3599163
0
15
30
9
0 11 3 50000 4
1 26 3 2000 0
2 15 14 2000 0
3 8 11 2000 0
4 3 0 2000 0
5 21 8 2000 0
12 18 0 2000 0
13 13 5 2000 0
14 11 3 2000 0
0
0
END
3599109
0
16
40
9
0 11 3 50000 4
1 27 3 2000 0
2 16 14 2000 0
3 9 11 2000 0
4 4 0 2000 0
5 22 8 2000 0
12 19 0 2000 0
13 14 5 2000 0
14 12 3 2000 0
0
0
END
3599054
0
17
10
10
0 11 3 50000 4
1 28 3 2000 0
2 17 14 2000 0
3 10 11 2000 0
4 5 0 2000 0
5 23 8 2000 0
12 20 0 2000 0
13 15 5 2000 0
14 13 3 2000 0
15 11 3 2000 0
0
0
END
3599001
0
18
20
10
0 11 3 50000 4
1 29 3 2000 0
2 18 14 2000 0
3 10 12 2000 0
4 4 0 2000 0
5 24 8 2000 0
12 21 0 2000 0
13 16 5 2000 0
14 13 2 2000 0
15 10 3 2000 0
0
0
END
3598949
0
19
30
10
0 11 3 50000 4
1 30 3 2000 0
2 19 14 2000 0
3 11 12 2000 0
4 3 0 2000 0
5 25 8 2000 0
12 22 0 2000 0
13 17 5 2000 0
14 13 1 2000 0
15 9 3 2000 0
0
0
END
3598886
0
20
40
10
0 11 3 50000 4
1 31 3 2000 0
2 20 14 2000 0
3 12 12 2000 0
4 2 0 2000 0
5 26 8 2000 0
12 23 0 2000 0
13 18 5 2000 0
14 13 0 2000 0
15 9 4 2000 0
0
0
END
3598832
0
21
10
11
0 11 3 50000 4
1 32 3 2000 0
2 21 14 2000 0
3 13 12 2000 0
4 3 0 2000 0
5 27 8 2000 0
12 24 0 2000 0
13 19 5 2000 0
14 14 0 2000 0
15 9 5 2000 0
19 11 3 2000 0
0
0
END
3598775
0
22
20
11
0 11 3 50000 4
1 33 3 2000 0
2 22 14 2000 0
3 14 12 2000 0
4 4 0 2000 0
5 28 8 2000 0
12 25 0 2000 0
13 20 5 2000 0
14 15 0 2000 0
15 9 6 2000 0
19 12 3 2000 0
0
0
END
3598720
0
23
30
11
0 11 3 50000 4
1 34 3 2000 0
2 23 14 2000 0
3 15 12 2000 0
4 5 0 2000 0
5 29 8 2000 0
12 26 0 2000 0
13 21 5 2000 0
14 16 0 2000 0
15 9 7 2000 0
19 13 3 2000 0
0
0
END
3598666
0
24
40
11
0 11 3 50000 4
1 35 3 2000 0
2 24 14 2000 0
3 16 12 2000 0
4 6 0 2000 0
5 30 8 2000 0
12 27 0 2000 0
13 22 5 2000 0
14 17 0 2000 0
15 9 8 2000 0
19 14 3 2000 0
0
0
END
3598612
0
25
50
11
0 11 3 50000 4
1 36 3 2000 0
2 25 14 2000 0
3 17 12 2000 0
4 7 0 2000 0
5 31 8 2000 0
12 28 0 2000 0
13 23 5 2000 0
14 18 0 2000 0
15 9 9 2000 0
19 14 4 2000 0
0
0
END
3598553
0
26
60
11
0 11 3 50000 4
1 37 3 2000 0
2 26 14 2000 0
3 18 12 2000 0
4 8 0 2000 0
5 32 8 2000 0
12 29 0 2000 0
13 24 5 2000 0
14 19 0 2000 0
15 9 10 2000 0
19 14 5 2000 0
0
0
END
3598496
0
27
70
11
0 11 3 50000 4
1 38 3 2000 0
2 27 14 2000 0
3 19 12 2000 0
4 9 0 2000 0
5 33 8 2000 0
12 30 0 2000 0
13 25 5 2000 0
14 20 0 2000 0
15 9 11 2000 0
19 15 5 2000 0
0
0
END
3598437
0
28
80
11
0 11 3 50000 4
1 39 3 2000 0
2 28 14 2000 0
3 20 12 2000 0
4 10 0 2000 0
5 34 8 2000 0
12 31 0 2000 0
13 26 5 2000 0
14 21 0 2000 0
15 10 11 2000 0
19 16 5 2000 0
0
0
END
3598374
0
29
90
11
0 11 3 50000 4
1 40 3 2000 0
2 29 14 2000 0
3 21 12 2000 0
4 11 0 2000 0
5 35 8 2000 0
12 32 0 2000 0
13 27 5 2000 0
14 22 0 2000 0
15 11 11 2000 0
19 17 5 2000 0
0
0
END
3598316
0
30
100
11
0 11 3 50000 4
1 41 3 2000 0
2 30 14 2000 0
3 22 12 2000 0
4 12 0 2000 0
5 36 8 2000 0
12 33 0 2000 0
13 28 5 2000 0
14 23 0 2000 0
15 12 11 2000 0
19 18 5 2000 0
0
0
END
3598261
0
31
110
11
0 11 3 50000 4
1 40 3 2000 0
2 31 14 2000 0
3 23 12 2000 0
4 13 0 2000 0
5 36 9 2000 0
12 34 0 2000 0
13 29 5 2000 0
14 24 0 2000 0
15 13 11 2000 0
19 19 5 2000 0
0
0
END
3598205
0
32
120
11
0 11 3 50000 4
1 41 3 2000 0
2 31 15 2000 0
3 24 12 2000 0
4 14 0 2000 0
5 37 9 2000 0
12 35 0 2000 0
13 30 5 2000 0
14 25 0 2000 0
15 14 11 2000 0
19 20 5 2000 0
0
0
END
3598147
0
33
130
11
0 11 3 50000 4
1 42 3 2000 0
2 32 15 2000 0
3 25 12 2000 0
4 15 0 2000 0
5 38 9 2000 0
12 36 0 2000 0
13 31 5 2000 0
14 26 0 2000 0
15 15 11 2000 0
19 21 5 2000 0
0
0
END
3598086
0
34
140
11
0 11 3 50000 4
1 43 3 2000 0
2 33 15 2000 0
3 26 12 2000 0
4 16 0 2000 0
5 39 9 2000 0
12 37 0 2000 0
13 32 5 2000 0
14 27 0 2000 0
15 16 11 2000 0
19 22 5 2000 0
0
0
END
3598026
0
35
150
11
0 11 3 50000 4
1 44 3 2000 0
2 34 15 2000 0
3 27 12 2000 0
4 17 0 2000 0
5 40 9 2000 0
12 38 0 2000 0
13 33 5 2000 0
14 28 0 2000 0
15 17 11 2000 0
19 23 5 2000 0
0
1
46 1
END
3597967
0
36
160
11
0 11 3 50000 4
1 45 3 2000 0
2 35 15 2000 0
3 28 12 2000 0
4 18 0 2000 0
5 40 10 2000 0
12 39 0 2000 0
13 34 5 2000 0
14 29 0 2000 0
15 18 11 2000 0
19 24 5 2000 0
0
1
46 1
END
3597910
0
37
170
11
0 11 3 50000 4
1 46 3 2000 0
2 35 16 2000 0
3 29 12 2000 0
4 19 0 2000 0
5 40 11 2000 0
12 40 0 2000 0
13 35 5 2000 0
14 30 0 2000 0
15 19 11 2000 0
19 25 5 2000 0
0
1
46 1
END
3597852
0
38
180
11
0 11 3 50000 4
1 46 2 2000 0
2 35 17 2000 0
3 30 12 2000 0
4 20 0 2000 0
5 40 12 2000 0
12 39 0 2000 0
13 35 6 2000 0
14 30 1 2000 0
15 20 11 2000 0
19 25 6 2000 0
0
1
46 1
END
3597794
0
39
191
11
0 11 3 50000 4
1 46 1 2000 0
2 35 18 2000 0
3 30 13 2000 0
4 21 0 2000 0
5 40 13 2000 0
12 40 0 2000 0
13 36 6 2000 0
14 31 1 2000 0
15 20 12 2000 0
19 26 6 2000 0
0
2
38 19
46 1
END
3597738
0
40
102
12
0 11 3 50000 4
1 46 1 2000 0
2 36 18 2000 0
3 30 14 2000 0
4 22 0 2000 0
5 41 13 2000 0
12 39 0 2000 0
13 36 7 2000 0
14 31 2 2000 0
15 21 12 2000 0
19 26 7 2000 0
26 46 1 20000 5
0
2
38 19
46 1
END
3597677
0
41
74
13
0 11 3 50000 4
1 46 1 2000 0
2 37 18 2000 0
3 31 14 2000 0
4 23 0 2000 0
5 42 13 2000 0
12 40 0 2000 0
13 37 7 2000 0
14 32 2 2000 0
15 21 13 2000 0
19 27 7 2000 0
26 46 1 20000 5
27 46 1 2000 0
0
2
38 19
46 1
END

